0111110
0101100
0111100
0110001
0110100
0111100
0110101
0100010
0110001
0101100
0101010
0111101
0101111
0101110
0100100
0100011
0100001
0101001
0100011
0110111
0111101
0110110
0101010
0111101
0110111
0111100
0101110
0101010
0100001
0100010
0100010
0110110
0111001
0100001
0101101
0100110
0111010
0101110
0110110
0101000
0101111
0100001
0101001
0101010
0101110
0110000
0100111
0111111
0101101
0101000
0110101
0101101
0100111
0110001
0101011
0101001
0111101
0100100
0100001
0111001
0110001
0100000
0111000
