0111110010001011000010101001111010
0110110011001000000111101101011011
0100010001011011110001000010100011
0100010000111100000110111010001011
0101001000111110111000110110100000
0110001100000001110111010011001000
0111000100100100001110000110111010
0110011010101101110010011001111010
0101111010001010011111111100011111
0100110001111001011100001001110010
0100110101110110001000010100000101
0111001010111011011010111111101110
0111001000111101010111001000010111
0100110111000000101110100110011001
0101000110000001000100001100010000
0110011111111001011011000000100101
0110000101011011101011111110011000
0110111101001111111000100000100101
0111000111110000110000000000001101
0100111100001000110110111111010001
0101000000010100001111000010100111
0101111111100100111000010011000110
0100111100111111011110010100101001
0100001000101111000100000001010000
0100011110101001000110110000101011
0101110001111110111000100010000110
0110011010101000011000000101100111
0111101000011101011011101110011111
0100110010101110000001011111010100
0111111001110011101111000110010011
0100111100010001010100000100101001
0111000100000000100110111110001010
0110011011001000101000101001111010
0101111100110111001000001110010011
0111010111010010001111100001101110
0100101011011100111000010000111011
0101111011100100010111001000111001
0111111000010110011001001000111110
0100110010111000110010000011000100
0110110011011010110010111001000001
0101001111001111011100010000001011
0111010101000111000011111100110000
0110100110111001110001111110001100
0111010110100101001011000111100101
0101110011111111100010101011010001
0111000111000101001100110000111000
0110011001001011010010000000110101
0110100101011100000000011010010001
0101011001110111101001111001101110
0111101110011001011000000011010111
0110101011001011000000000010101010
0101111001000010010111111110110010
0110110101101101010000111110010110
0100101111000000100100011111000100
0111110000101100110010100110110101
0101001010001101001110111010111111
0101000100101111000101001101100011
0111110101111011010110101110100110
0100111101111000101000101001010110
0110110001111010001100100111010110
0101101110000001010111100011110010
0110001110110000101110100011110101
0110010111011111110111101010111111
