01111100100010110000101010011110101
01011001100100000011110110101101100
01010001011011110001000010100011000
01100001111000001101110100010110100
01100011111011100011011010000010001
01100000001110111010011001000110001
01001001000011100001101110101001101
01010110111001001100111101001111010
01001010011111111100011111001100011
01110010111000010011100100011010111
01011000100001010000010111001010111
01011011010111111101110110010001111
01010101110010000101110011011100000
01010111010011001100101000110000001
01000100001100010000100111111110010
01110110000001001011000010101101110
01101111111001100010111101001111111
01000100000100101110001111100001100
01000000000011010011110000100011011
01011111101000101000000010100001111
01000010100111011111111001001110000
01100110001100011110011111101111001
01010010100100001000101111000100000
01001010000000111101010010001101100
01001010110111000111111011100010001
01000011010011010101000011000000101
01100111111010000111010110111011100
01111110011001010111000000101111101
01010011111001110011101111000110010
01011001111000100010101000001001010
01011100010000000010011011111000101
01010011011001000101000101001111010
01011111001101110010000011100100111
01101011101001000111110000110111000
01101011011100111000010000111011011
01110111001000101110010001110011111
01100001011001100100100011111000110
01010111000110010000011000100101100
01110110101100101110010000010100111
01100111101110001000000101111010101
01000111000011111100110000101001101
01110011100011111100011001101011010
01010100101100011110010101110011111
01111100010101011010001110001110001
01010011001100001110001001100100101
01101001000000011010110100101011100
01000000011010010001010110011101111
01010011110011011101110111001100101
01100000001101011110101011001011000
01000000010101010011110010000100101
01111111101100101011010110110101000
01011111001011000101111000000100100
01011111000100111100001011001100101
01001101101010100101000110100111011
01101011111101000100101111000101001
01101100011111101011110110101101011
01101001100011110111100010100010100
01101011010110001111010001100100111
01010110011011100000010101111000111
01100101000111011000010111010001111
01010110010111011111110111101010111
01111010001100111010000110011001000
01101101011001100000011010100000010
01100000000111111111010010010101111
01001001011100110011010110100101001
01001100000111110011101101111011011
01110010001010001010100011010110111
01110111010000101111110010111100011
01001100000010011101010001111010110
01010110110011111010110001000000101
01110011011100011100100101111101011
01010011101110000011001100010000101
01101011100000000110100110010000111
01010001001110101111010011011000111
01010110001010111110111110011110011
01000101010001010011000000111100000
01110001000001010010011010100111100
01000101101110111011100110011101101
01000110001100000110101000111111011
01001101011101110111011101010101101
01011101111000111010101000000111010
01000111001010010000111011010111011
01001001110011011010110011010110110
01011110111010111010010101110101001
01110101000001000000010101100100010
01000101101001111110110000010111111
01101010100011101110010000111001011
01101111000110011010110101011111101
01000100110101000011100011000110010
01000110100000010100101000011111101
01011001000001011111010001011101000
01100100110011100010010011101010000
01011000001110001000000110011010111
01010010110110010111100100111101000
01000111110111100010110101011111001
01011100111000011000010011111111010
01100111111110010111111110001100100
01111000111000011001110110000010000
01100100000001101011000001100101111
01001001000100000110011101100011010
01110111101111100000110010010011011
01000111000000001010111101100101001
01000101101011110101101011001000110
01000101000111100010011100100111110
01100000011001011010100110000111110
01110100000001100111010011000001011
01011011111001100001000111011110011
01101010111001101011100001100100100
01001000101011100111111101110100100
01010101010100011110000010010001010
01100001010111000110110111011110100
01100110101000111110101000011000100
01111101100111010001111111011001100
01010001010111010101010101100010101
01100001111010001110100111100110000
01010000101110001101111001110110001
01001010001011101010100011001101011
01010010111001011001110010101010111
01111000101100010101101101000001010
01110111001000110001111101101101110
01011111001110110010100110001100001
01111111000101100100110010110110101
01011101111000100111110001000111010
01100111010000001111011101010111111
01000100110110110011101100110111011
01101100110001000100111100111000111
01101110111011011100011010010011101
01011110010101111110011111100110001
01110010000111010011001101110110011
01110111100001001101011100010001010
01001111011111000011100001011110110
01011110001110111101100001010001100
01011110011000110101111011011100011
01101100010000110001100000000001111
01010011101111111100110110010100111
01110000111010001010011110100111001
01101101100100001010101110011110000
01000111101110011111000001001001001
01110001110101010111001101000000110
01010110100011100000100100101100100
01011001000111111011000110000000001
01101100111001000110101001001111001
01011010111011010000100111000000100
01101100000011011110101001001100110
01000011010111100100001111001010111
01110001010001011111000110111100000
01000111010111001101000010000010011
01010011000101011011000001100111010
01011111011111010000000111110111101
01110011001110110011010101111111000
01000000111110010111111101010110100
01101010101000010111001101110100000
01101110110110101011001100110010000
01000011001001100001111110010010110
01111000100100101000111010000011101
01001001011100010001001001010000100
01010111100101111010110001001010111
01100111101010101111001101110101011
01001111111111100000101010000101000
01101111000110111001100100110000010
01001100111111011100110100100011010
01000010101010000001011011010011011
01010011110110110000101110111111010
01101011010000110100011010101001111
01010111000011001001000010000110011
01011011010110010110101101010010111
01010111100111101101111010111110010
01011100101011111001100110001100101
01010000111100010101000001111100111
01110111001100101001101011101110100
01111001111001111001100011010001010
01110001000111111011110011001100001
01000000000111010100101111000100010
01011111100001110100011000010011000
01111001001010001010010011011011010
01010100100100001100101110010111110
01110100110001111000111010001111100
01000011111010111100000000010110110
01110001000001110000001000011100110
01100101101100100101001111001111111
01101011101011011110101011100011101
01011001101110001010111011110010011
01110010101100111101010101100100111
01100110111100010111101110100110100
01101010100101100110001000111100100
01001111101111101011111101111101111
01000110000000101011011101011000100
01010010010100010111101000100000001
01000110100001000110011001001011110
01101101001101010011110110011001011
01111011101100111100111100100000111
01110000011010000010000010110111000
01000000111111010010000011000100101
01101100011111110010011111001011110
01100111101000000101011011101110100
01101010110010000111011001110101111
01100111110111110011111001111011101
01110000011100100001000111010100011
01111100010111111011001010001110000
01010011100010101000101011100100101
01111101101111111110011101011010001
01111011100011000001101001100100010
01101011001001000010110000001100100
01000110010010011010010000111001001
01010001001000101101001000100000011
01011001101101111010100110100101001
01001111111001000010000010000000101
01000111111011010110111101100110010
01101011010100011001011101110001011
01011110110111111010110000000111010
01100011010001101010010011000101001
01000101101001100101010110111011111
01101110010010000001011100001110010
01101100101110010110000001110111111
01000100011010110110101010110001011
01001001010001011101010001000101101
01011110010101010111011101110000111
01100100000101100001111111111110101
01111111110000010001110000001011100
01100011001000001000001001110000110
01100000110011111101000101101011001
01001000100011101010000100100000111
01011101100010001000000010010101001
01111000011011010010011000010010100
01000001000101100100000011010100100
01110110101101110100101010000011000
01011111001111111001110010001100111
01000000110011111100100010100101101
01101001000101011100101101111100000
01000101111010100111001000111111011
01001110011010101010110101000100000
01100101110101000011001111001010000
01000011001101110011010110111110100
01101101001010000101110001110100100
01011111110100110010010100000010101
01011100100010001000100100100010111
01000100101101010000110100100101100
01110110000011011000001011011000011
01000001000001100000111010010011111
01010100101011010001010010111001000
01010000110111100001000011001100101
01000001010000000101110010100110111
01101000000100110001100100010001111
01010000011000111001111111101111000
01000111010001111100010110101001010
01101000001100010111110100001000010
01100100000001011000010100000000010
01000010111000101100110110010011010
01001110010010101000010111111110100
01011011110110010110101001110000001
01000110111110001010100011111101101
01111100011010011011011100000110001
01101101110110011010101101010010010
01101010101110011001111010001100111
01000011100101001100000010000011101
01000100110001111101100100110100000
01110100000111011100000011000010100
01110111100101000000101010011101100
01110010101001011001000010100010000
01011101001110010111010000001111110
01000101010111111010011011100110110
01001110100011100001110001110110110
01001111111011011100101010101100100
01111001100001011011111001111010001
01000100101000111001101101000000000
01010001101010101011001111110110110
01000111010110010110101011000100100
01111011100101101011111001111101110
01000110101101000111001010100110110
01111001111011011111110110001010011
01110001001100011101100100001100011
01011011111111011101101101111100100
01001010100011001101110001001010010
01010010011110110001000000111110010
01001000000011011101100111010110110
01010010011111011001000101110101101
01010010011110011111101101111110011
01010011001000110010000110001000111
01011111000111100100010010101110011
01111111100010110111111001110110011
01100011110101000111011100010001111
01100011100000101001001001001110000
01011000000010101001001111000010111
01011010111111011110001101110000101
01111100011001110101011010010001010
01100111111001001100101110011110101
01100011011111010000011011100011101
01110011100101101101110001000111000
01001101011101110001001110001110110
01010111001111111000011011100110011
01000000100011001001100011110110010
01011011010010110000110001010011111
01010101101010001110110011000111010
01000010110100011000001101110001101
01101010010011101101001011001011100
01001100100110000010110010111111110
01000101110111110011010010101010011
01101010001101100001100110011001111
01011011011101111001110110110011110
01001000111100000011010001000110100
01100111001011011110100100101111101
01101001110111011001011011101101011
01100111100101000101000001111010010
01000110101101110000100011111110010
01001000110100100110011100000001000
01000001011001011010111011001101101
01101010110100001000100000110011001
01110000010010000010000010101001110
01011000000000111111001011111000100
01000000011000011111010101010100101
01101110010010011111011110100010101
01000101111110101000100010010100010
01001110011001000010011101111110010
01100111011111100100110001100001011
01000100011111000011010110110011101
01011000111110111011000011010110010
01110001111100110010000101100001000
01001110011100101101110100100100100
01000101011001101110100101111000010
01000100000110000010100001100101111
01001011000111110101001101111010111
01010110001111111010100001000001100
01100000110001010000010111011111001
01001000001100100001000100011011110
01100100001011110000110101001110100
01101001110000000011001001101111011
01110001001011011001100110001100111
01111000101010110100111110010100011
01011000101100010000011010000011010
01110101011010100101000101110111100
01000101011001011111101000011100100
01110111011110000100000111000000010
01101001010011001111100101111110101
01111011010101010000010101001111000
01101011101010010010010010100000101
01000110011010110101100011011001110
01101011110000010110111010011110100
01101001001001010001110011100101111
01111011101000011100101111101000011
01111101011110011001111011011010011
01100001110011110001110110011110000
01001100000111110111100101111101000
01100100111110101011010101011010000
01000011100110110011011010110110110
01110100100011011100001011010100101
01110000001100010010000101111111100
01101101000001111111101011010100011
01101001000011110000111010000101011
01101100101010011010111001010011101
01110100000101000000100001000000110
01100001011110010000010111111110100
01000100001001001000110001110111111
01100100110010100011011100011100010
01011000001011010111011110000100111
01011001000110001110101101010011110
01000101110110111101110011010100000
01010111101010110101101010101101111
01100000100111101111000011101110001
01001001010111000000001101110110011
01111000111001001100000011000111000
01110100100000010000001100111011000
01100110111110110010101110010000010
01101111000110111010101111111010000
01001101110110111101010111011011011
01100001110101011101010101000010100
01110100110110000101101000101101110
01000001010011011001110100010000000
01100011111000100111111110011001010
01111000100100010101110110010001010
01111111001000000110001011011110101
01010011101001000001000101010000111
01011101001011011111101000001000001
01111010111100010010111001101101010
01110111001101100101001010100100111
01110110001111111111010010100110011
01100101000011101110111001011000110
01000110110100011011011111001010010
01101100111010111010010110001001011
01011000101001100001011011111001000
01100001101011110011111010010110111
01111001110100101001100001011100001
01101000010001001101100001110110000
01000011111010100010000010011010010
01101011010001000010010011010010000
01011110110010111110101000100100101
01010011010001001011001011001110011
01110010110010100000101011000001110
01001010010110110110011111110011011
01110110101110101001110100101000011
01010001100011111011101110010010101
01101001101010101011000000001011100
01110000101011100100100100111000011
01001011010110000010111100100110010
01101001010110101010100111100101111
01111001010000101010001100110110001
01001100101011111101111111100100100
01010110011101001010101011010000000
01011010010110011011011100100010010
01101100110011110110010000001001011
01001000001010000001001100010110010
01100100000110111001110111010010010
01100111100011111000000101000001010
01011101100111001101101001000001000
01101011001111001011111111111010100
01001100011101100011000110101110110
01001010100010000100010000111100010
01111110011001011111111111001000010
01011010110100011101110010111010011
01110110000001101010011100001001010
01011011010100011010100101111011010
01001100100101011001100011110011011
01110100000101010000001110101001000
01010010011010010010101111000100101
01001000101101100111100010000000000
01101101010110000110101000010110100
01010010011011001111011000011001110
01110111010000111011101000110101110
01111011011000001101000011001000011
01001100011011101101101001101111111
01001000101111001011110000001110010
01110010100100000011000000011010101
01100000011011011011001000101111010
01110111010000101001101110001100111
01110010110100000010101101101111110
01111101111100101110010100110001000
01111010000000110101011000001101000
01101100000001011111001100000100111
01101100110011011111001001111110001
01011000000101010101101011010010111
01111111110011111000101000010001111
01010001011100100110001100110000111
01011110000010000110000011010011110
01101111011001010010111011000111101
01000000100011110101110010010100010
01110101100011010101100001010011100
01110000000001011111111110111000001
01000010011110001110001011011011110
01101000101101100101110010111101101
01001011100010010101000011100010110
01111001001010100000101000001001010
01111101000011001010110100100011001
01111111111011010011001010111001111
01000000101001000100110101001101001
01101110010111111000010111101011100
01111111110001001000101010111001010
01001100101101010100001010110000000
01010001111100110110001011001001100
01110000010001110110110000100011010
01010010000110001011011001101000011
01011001110110000101010000101100001
01111001010110111010010100010000111
01101000010101010010000000000001011
01110011000101100101001000010111100
01101000010111001100000001000111101
01100111100001011000000010001101110
01101011100001101100001011001110100
01010000000110110111010110110100011
01011011001010001100100011001000001
01100101000011101101100001001000000
01011111010101011011011111100100101
01000001011110011101010000010011111
01111000111101111000001100101011100
01000010000111011001111001110000110
01111110101101011000100101100011010
01000000111010110111001111111000100
01100111001010111011101000100110000
01000000111100101010110010000100110
01111100110100111100101110100011010
01100110110101010100011011111010110
01100101011100110011100111011000000
01010110010001000000011011111111101
01010001000110110011110001011111010
01110011000111110110110110011110101
01010110101001010001111110001000101
01110101001100110100011010110100011
01101001101110100101100101111100010
01111001110001001010000011101000011
01111000101011110110111111011110011
01011000101000011011100001110101001
01001000100111010110111010100010111
01111101110010111100011100101000111
01001110011000101100110110010001101
01010010110000101110101100000110110
01111101001011100010110010001110111
01000100110000100101000000010001011
01000011001110100000010010010111110
01101001110101101100011011010000010
01110100100011011010010111111110111
01001011001100101100111011100101001
01001101001011100101100001011001101
01011101000001011101001111011101010
01100111111010101101010111000101001
01010101010101011101010101111011000
01011000010110100001001111100000100
01000011000010011001110000110101101
01100001010110010111110001001111111
01111000110111100010010100010101000
01000011000010000001101101101001100
01111110111001000110110000111101110
01000001001100111100001000110101100
01110110000001010010100111101100111
01100110110010001111111101011001111
01100010001001011110000000110000000
01000000010110001011111100111111011
01001000011000101010000001110010110
01110101101100001000010001011000010
01010000110111111110111000100010011
01011010101010101011101111110110011
01100111010001000110000101011000110
01011110101001111111101101001000101
01011101011100011011100000100010101
01010111001010111101111100001001000
01001100011000010101100100000001001
01011010101100111101111101000100000
01101011101101011101011011001000000
01000110100011101011110011011001001
01010101100100001100001101001011110
01001101111110110110101001100000000
01110101011000001111011100000000001
01111010101101010111111111111111000
01110100000100101010101010000100011
01000010000000001001000000000101000
01001001111110110010101101011101101
01011000111101110000111010110001110
01010101000111011000100011011100111
01100100101001101100101001001010010
01001011111001011011110010001000100
01001110000100101010000000000010110
01001101101111011101101101111100101
01011011100110000110001110000110010
01111111100100111011100110101101110
01001001011110011000011101011110011
01111100011110010001111011110011101
01011000011011101010001110111000101
01011010010100011011101010111111110
01001101111110011001100100011000010
01000111000101000010010010110001001
01110010101011011110101111011101110
01111000111010101101111010110001011
01111100010000000110011100100100011
01110011001001110101011101111111110
01111011111101111100010000101010001
01000110100000110111111111110100100
01110100000011001100011001001111100
01101001001001111111111001110001001
01101101001110111001101110110010110
01001101011000000100011000011100110
01000010110111101100000011100011001
01100110101010100101000110111001011
01000010001011011111101100100001011
01011111010001110111001011100001000
01110001001011000100010000000100110
01110100001100100001001000010010001
01011001010010010011111111010000100
01110011010011110011100000000100111
01110001101010111010110101111100111
01111100011001000011001110010001011
01101100110011010111110111001101011
01010001100001010101001101111000101
01101011011101011111011101001111011
01011100110010111110010110000111110
01000010111110000101100001000111111
01011000111001010100100000011110110
01010000000101111110010000011000001
01111110100000111110000000100111000
01111101001011110110010001010110101
01001001100011100101001110101100000
01100000001011010010101010100100111
01111111011000001011010010000001110
01011011111111000100101101101001000
01101011100000110100010101101001000
01101000100110000000100011111011000
01010000010010101111110001000110111
01111011000010101010000101110011100
01101001010100010110110001000101111
01110011101110100111101100100011000
01011100011111100000111101110011010
01000001110001001100010111110001001
01000011010110000000111010110000000
01001110100010011000111001001101100
01101111110000100101101000110011001
01110110110100010100101110101001101
01010001001000111101011111011011110
01111011111100001000111001100111100
01001110001111011001001111100000000
01101101010111101001111001001000010
01100010101011011100000000100101110
01001011111110011111110010001000000
01101011100011101010011100000000110
01011110011101000110000000000011000
01011010110011000010010000000110011
01111000001100111110100001000001110
01010000010011101101001101101011000
01000000001011111011101111011111011
01010010110101000000111110011110011
01000110100011011000111110001011111
01100111010111011001110011110001100
01011111100000100000101011001111111
01100011011010110100001101101010101
01000110011000011001010100011100000
01011001101011111010011010000001010
01010111010101001110011010010101001
01010111111111000000101111001101010
01001100010010011001000101011100101
01001100101110010010000100110100010
01101111000010111110010000010001111
01010111000011100101001001011000101
01011111110010001001100011111001100
01010101100011111000011100000101000
01001111010101010011111110010110110
01000001010001000101011010001100100
01101110110011001000110110000001011
01100011010100001110101100000101000
01101001101101010000000000010110100
01111001111001001001001000000110101
01001111111011110110011101110101111
01001110010011001000110001100011111
01011110111011100011000010011100011
01101010110110111011010011100011101
01000101110101001010010010011100010
01000111001100001110111110101100100
01011111111110001010011001111101100
01000111100101000001111000101011001
01010100010111111100001111010100100
01100000011101111100011111001011011
01111110011100110101010111000001110
01100111001110100110101011110001110
01111011101101010001110101101011000
01101110010111011100110001110011011
01001000011110000110110011111000100
01000001111111001000001011111111111
01101010111110010010010101010100010
01101110001000010111100001110111101
01011111000101110000010001010100101
01010100111000001010010111101111011
01111100010110001000001110011111000
01100101111011111011101100101000000
01010010111001100101011001100100111
01010001100010100000100101111110011
01111001011101100110000110001110001
01001110000010010010100100011001100
01011101100001000010001100000010000
01110000000000010110001011111111100
01100101101010000000101110011101101
01110010011011011110001100011001110
01101000101111000000010001101010110
01010101010100100100110000111000001
01110001011010000001000001001001011
01011110111100100110110010101000100
01011101011011000110111001101101101
01111001100010101110010000100111000
01100011000010101101101001011111000
01011111100110111001101110001100111
01100000110101001000111011100101011
01111101101000000001100010010111101
01001111100100100010010001110001111
01100010000110111011001110111010100
01000010100111111011100101000000101
01100110111101000111101011111101010
01011000010110101010101110001010011
01100001011101011001110000101101111
01111000110111000111111101101011100
01000001011011000110100010011101100
01000111010110001011001100011001000
01001100101101001101011100000101101
01011001111111000111001001011111010
01000111100001010010110101010000000
01111000110010011011001100000010000
01100111011010111011110010011111100
01101101000010001110111000111100110
01000100011011101000100011101111101
01110111110010110000000000110010001
01001110111110011011011111110110010
01101011110011110000011100110111010
01111000001111001000110101110111110
01011101011111011000000111001110001
01111011110010100100100100010010101
01110001011001101111101001000001110
01110111000110001000100001101010001
01010010001010110100010100001001101
01100001100101111110100100000011111
01110000000110111100000001100011110
01111001010001000000000111010111001
01101010011011011001011110011110000
01101001100000100011101000101101001
01101010110101100000101111011111001
01010001011100100000111000111100001
01101000000010010000100001111111001
01110110111011011000000001110101010
01011000001110010001001110000110111
01001000111110100000100000011001101
01101110001011100110110001101001111
01000000001111111100100001101000100
01110110100001111010010110010011000
01001111111011110111110010001101111
01000010111000001010010000110111011
01110111010000101001011000011001110
01001101101111111010111100100011011
01011101001110010101011001101010011
01100100011010000001110100001000000
01010011111101100011001101010110111
01010101011001001111000101110111010
01000011111111000100111010001110111
01110011100100110011110101110111001
01010100110111110100110001000001110
01100100111010100111100000100011000
01010001110100110100100111110111100
01101000110111101111001110100010100
01010000011111000100011110111100101
01001000111010010010101110101101000
01100110111110110100000110000100110
01001010101000011001010110100001001
01001011011011101000011011011111111
01001100100000100110011100111001001
01101111111100011010100110000101011
01100101011010111001011001111000110
01100010111111011111001110010000110
01111101110011100010101010010001100
01010101100001100100101101011101001
01001010000110100010111010000100010
01010010011001101100001001000101100
01101100011001111100000110101011010
01000011111101011011100100000011011
01010011101000111100110000001100000
01101001001000010000000000010000011
01111011001000101101100101111110010
01111111001111001110100111001110101
01011001110110001001110010101110101
01001110101110010101110101100110010
01000010001001011100111001110101001
01000000000101011110011100100000101
01101100110000111110001111111001111
01000011111100011001110001101010000
01001110100100110001111000011011110
01001110110101100011001000101110101
01010001101010001101101110101111000
01101011000000100110000010010110000
01110010010100111000001000000000111
01110111100001101100100110110001110
01000100100110010001110111010101000
01000010101110010100101000010011011
01000011100001010000110111011110010
01011110110110100111111010100001001
01000011000010100011100010010100000
01000100010000000100101101111001001
01001100100111101101111010110011101
01011101110011101010111000000110001
01111100111000111001101010001011100
01011010010011110000001000101111111
01000001100011000100001011101100000
01010100000110100000111000110010011
01111110101101101110111110110111100
01001010110000001010101010000110000
01100101101101010100001100101101010
01010100001000010101011001011111110
01100010111110100011011111110000000
01001110000010101001010101100100010
01101001000010000100110101101100110
01010111100000010001110000110001001
01110010010111100111110101100010100
01001000111011000011000110111011011
01110101010010011011010000001100111
01100011110110111010101101010001110
01101010101111000110000100100110110
01011001111001110110000000011000000
01100110000111100100100111011101111
01101101110000011101110100010001110
01010100110010100000110111111010011
01110101100111001010001111010001010
01001111111011110110101000000101001
01111010111010001011111011010010100
01001000101110011111010011010010011
01101011110110111010011011000101001
01101010111100000001101011001001111
01011000010010010011110000100111000
01101100110111010100100100111011010
01100001011110001011001010110101111
01111111010011110111010100110001101
01110011010111000101110101100100011
01010011010010001010011101111110001
01001000001111010011100101011101001
01101110001100001101111111001111000
01101101001001111110000100011010000
01100000110000011001011100001001011
01110101001001111010100110010101110
01100001101010110000011111111100110
01011101011100101110100011101100101
01011010101111010100100010100110001
01101011101010100110111001010110000
01101110001011000001101000011101110
01101101000101101011111101011100111
01101000110001100010100001101011101
01010001100010010000011101100011100
01100110111100100011100010010110100
01110101001010111001001110101100111
01110110001011111100011001011001100
01111111100010100101011010110000001
01011101000001011100001010001101000
01101001101001111011110010101011001
01111101001110011110010000101100001
01011111110110111110110010100100001
01101010101110011001000000010101011
01100110100101101000000001011101011
01010100110000100100100110000111010
01000010010011001000111111110010100
01100111010101001010101110100110000
01001101011111001011101001010010010
01010111001101000011111010010001100
01111111001111111000100001001111010
01101100011000110100100100000001011
01001010110101110110101101101010111
01010001111000011101010110011010111
01101010110001111111100101100100110
01001110110111000110100111111100100
01010111100100101010001100010111110
01101101110000101110100111000110110
01100011010010001010011111000011001
01111010001100001000111011111001010
01110100110110000111001010110011101
01101110101101111001100011011001111
01000010101110000110111001101111011
01111101011111100010100010001110001
01111101010101100100100100011001111
01101000010111001001010101001001111
01010011010111011000010111111000101
01100111100010110011000110010011101
01010111010011010110110111000111010
01111011010111100111111111100000111
01010111100010111000111011110101011
01000101100111000111000010000101000
01110000010010001111010010000010001
01001000000000001100001000101101101
01011110100100110110101111000110001
01111101011000100110001001011011000
01100001100110111111011010101001011
01011100111110000111011001101100001
01011010101010001110010110000000101
01000101000000111101110100100101101
01111001001101011110100101011101001
01001111101001100110010110000100001
01100110010100110011000000100101001
01010011111100100010011001101001110
01110001101110101000111001101110100
01100010000000100111011101110110100
01011010010000111000010100001011110
01001000010000100101000000101011101
01001110110111101101101110001111010
01001000111010100111000000001101101
01011101000010101011011111010100111
01001101111101000100111000011100010
01000101011001010001011011101110111
01001110110010000001101001010011110
01001110101101001100000001010001010
01101111010010100111111110111110100
01011000001010111000111011100111110
01010110000011111101100010001110000
01011111100011110000000000100000001
01110100100101101111111011011010101
01110010000111000101000001100111100
01101101010111101011111001100010001
01011111000111000111011101100110010
01001100111011000100110001100101101
01110111011001010001110000010111000
01011011111000001010010011000110011
01111000110011110110111000111110110
01010011111000010001001011110101101
01000111011100100000000111111101001
01001100010001011010001110001101101
01010011110011100100101100000011110
01110101101001011001100100001100111
01100110010110010010001001111111001
01011110100111010011111101010110100
01011000001000001100110011010000001
01000010110110010001001100100010110
01111100110011011011101111110111100
01100111110001100010100111100111101
01000110000110001011000000011100000
01101101111111000101101110000011001
01011100010110000111000000011111010
01110011010010001101100001100100101
01000101000000000110111011101111011
01011011010110111001110000111111010
01011100110101101010010011100000001
01101010011101001100101111100100100
01000101011111001101010000001011111
01101000101000110001001101000110000
01101111011001001111101001111111100
01011111101000101011111000111111110
01011101100110011100001000111001000
01100110101100010010110001101000010
01001011101100111000000000100111110
01001110010001100110110101100111101
01011000100001010111101001011001100
01010001101010001110000001101001000
01110001100100111111110000100011100
01100010000011000110110001010100110
01101101111011101100101000000011011
01100101000110000100001011010101110
01100000000000110111010111011101111
01110010010000101001000101111010101
01100100010000101001111000001000010
01011010110100010101000100010010111
01000011001010000111101000011001101
01100000001000111011111010100010110
01110010100110011100101101001000111
01111011000011101110110010110100101
01000101110000100111110011000010010
01000111110010001100101000011011011
01111000001000110000110111100000111
01001100010000000001111001101101001
01111100001011011001111000110010100
01100100001001101010010011010011001
01011101001110101101000101000110010
01100010101111111011001100011010001
01000000010101100000001000100110011
01001100111001010010110000011001101
01011100001100111100100001111000111
01000100011010100101101010001010100
01110011110101111001000000100100111
01110101111010110010101111111101000
01011100011001010100010111101011010
01111010100001111111110000001101000
01101111100111001100100000100000010
01000110101111001000000010000101101
01101111000001101101000010101011011
01101011110000101001000110000101111
01010101100010110000110110100011010
01011001001010000011000001000100011
01111010111011010001001111000001110
01001010011100000101000100101010010
01100101011111100000000110001000100
01110000011100110110100100010100110
01010011111100000010011010100101100
01100011011011011100001010010100100
01101000011111001001001000010010001
01111010100010111111010011010111010
01111001010000111111110000111010001
01100001111101010100010001100000111
01111000011100111110110010010101000
01101000110110001001000011001101010
01110100001001111010001101101000010
01100100001100101111000110000001011
01100100000011000100110110110000010
01001011110010010001000011101100101
01000111111110100000010000110000110
01100001111111011000000011010001111
01101011110011011001101010011100110
01000111100101001010101100001110110
01110000010000100110000110001011110
01110100100110111111000000010101110
01100110100101010011001100110001011
01110101101000100010100011011010101
01000110000011010000001110011100000
01011011100001010010111110001011011
01000110011110111000110010101001101
01000001110111111100101011100010110
01100010011100010011010100110001001
01101110000011010111010001001011100
01011011010010011010011101000010001
01100011111110011110000110010010000
01001010100111001001110111100100001
01100011000100010001011011001101000
01001100110101101101000110001101101
01101110110100011111100000100011101
01010011100101001011010100101010111
01000110101111010110100101100100000
01111111000101011011001110000010001
01110000110010111101011011010010000
01010101101100010010101001110111110
01100100010001101111011100001111111
01101101001111000111100100111000110
01110011100011000110111100101110001
01000111010110110101001111000001011
01001100110001001101010111101000001
01101111111011000101011111011111001
01101010000100111110001111000101111
01000000010110001000011111101010110
01000000111111001000111001111000000
01111100010110000011101010111001010
01100001011011010100000101001100000
01000001100001011110100000000000100
01100110110101011001000000110100011
01000100110111001101110101111010101
01111100111011110101101010110100001
01111111110011000110011101111101011
01110001100010001010000110000001110
01100011110100101101010000000110000
01001110110001111111111011010010010
01110001001100110001101010011000011
01010100010101100010111111011100000
01000101110100110101101000110101101
01111111101110101111011001101011111
01000110101101011110111001100011101
01110101001000101110011101001101110
01111011111101000101001100010101000
01100001110100110110000010000000011
01011010000011000111110100001000110
01011111110111100001011111000011000
01111000111010010101111011010100111
01000011010010000111000101001011001
