0111110010001011000010101001111010101100110010000001
0111101101011011000100010110111100010000101000110001
0100001111000001101110100010110100100011111011100011
0101101000001000110000000111011101001100100011000100
0110010000111000011011101010011010101101110010011001
0111101001111010001010011111111100011111001100011110
0101011100001001110010001101011101100010000101000001
0101110010101110110110101111111011101100100011110101
0101110010000101110011011100000010111010011001100101
0100011000000100010000110001000010011111111001011011
0100000010010110000101011011101011111110011000101111
0101001111111000100000100101110001111100001100000000
0100001101001111000010001101101111110100010100000001
0101000011110000101001110111111110010011100001001100
0101100011110011111101111001010010100100001000101111
0100010000000101000000011110101001000110110000101011
0101110001111110111000100010000110100110101010000110
0100000101100111111010000111010110111011100111110011
0100101011100000010111110101001111100111001110111100
0101100100110011110001000101010000010010100111000100
0100000010011011111000101010011011001000101000101001
0111101001111100110111001000001110010011110101110100
0110001111100001101110001010110111001110000100001110
0111011110111001000101110010001110011111100001011001
0110010010001111100011001011100011001000001100010010
0111001101101011001011100100000101001111001111011100
0101000000101111010101000111000011111100110000101001
0110111001110001111110001100110101101001010010110001
0111100101011100111111111000101010110100011100011100
0101010011001100001110001001100100101101001000000011
0101011010010101110000000001101001000101011001110111
0110100111100110111011101110011001011000000011010111
0110101011001011000000000010101010011110010000100101
0111111110110010101101011011010100001111100101100010
0111110000001001000111110001001111000010110011001010
0101101101010100101000110100111011101011111101000100
0110111100010100110110001111110101111011010110101110
0110011000111101111000101000101001010110101100011110
0110001100100111010110011011100000010101111000111100
0110100011101100001011101000111101011001011101111111
0101111010101111110100011001110100001100110010001011
0101011001100000011010100000010100000000111111111010
0101001010111100100101110011001101011010010100100110
0100001111100111011011110110111100100010100010101000
0111010110111110111010000101111110010111100011001100
0100001001110101000111101011001011011001111101011000
0110000001011100110111000111001001011111010110100111
0101110000011001100010000101101011100000000110100110
0101000011101000100111010111101001101100011101011000
0110101111101111100111100110001010100010100110000001
0111100000110001000001010010011010100111100000101101
0111011101110011001110110100011000110000011010100011
0111110110011010111011101110111010101011010111011110
0100111010101000000111010000111001010010000111011010
0111101100100111001101101011001101011011001111011101
0101110100101011101010011101010000010000000101011001
0100010000101101001111110110000010111111101010100011
0110111001000011100101110111100011001101011010101111
0111010001001101010000111000110001100100001101000000
0110100101000011111101011001000001011111010001011101
0100010010011001110001001001110101000001100000111000
0110000001100110101110100101101100101111001001111010
0100000111110111100010110101011111001011100111000011
0100001001111111101010011111111001011111111000110010
0101110001110000110011101100000100001001000000011010
0111000001100101111001001000100000110011101100011010
0111011110111110000011001001001101100011100000000101
0101111011001010010001011010111101011010110010001100
0100101000111100010011100100111110100000011001011010
0110011000011111011010000000110011101001100000101101
0110111110011000010001110111100111010101110011010111
0100001100100100001000101011100111111101110100100010
0110101010001111000001001000101010000101011100011011
0101110111101001001101010001111101010000110001001111
0101100111010001111111011001100010001010111010101010
0110110001010110000111101000111010011110011000001000
0101011100011011110011101100010010100010111010101000
0111001101011010010111001011001110010101010111111000
0110110001010110110100000101011011100100011000111110
0111011011100111110011101100101001100011000011111110
0100101100100110010110110101011101111000100111110001
0100011101010011101000000111101110101011111100010011
0101101100111011001101110111011001100010001001111001
0111000111101110111011011100011010010011101011110010
0110111111001111110011000111001000011101001100110111
0101100111101111000010011010111000100010100011110111
0111000011100001011110110011110001110111101100001010
0100110001111001100011010111101101110001110110001000
0101100011000000000011110100111011111111001101100101
0100111110000111010001010011110100111001101101100100
0100101010111001111000000011110111001111100000100100
0110011100011101010101110011010000001100101101000111
0100000100100101100100011001000111111011000110000000
0100110110011100100011010100100111100101101011101101
0100001001110000001001011000000110111101010010011001
0110000011010111100100001111001010111110001010001011
0111100011011110000000011101011100110100001000001001
0110100110001010110110000011001110100111110111110100
0100000111110111101110011001110110011010101111111000
0100000011111001011111110101011010010101010100001011
0110011011101000001011101101101010110011001100100000
0100011001001100001111110010010110111000100100101000
0111101000001110100100101110001000100100101000010001
0101111001011110101100010010101111001111010101011110
0101101110101011001111111111100000101010000101000101
0111100011011100110010011000001000110011111101110011
0101001000110100000101010100000010110110100110110100
0111110110110000101110111111010101011010000110100011
0101010100111101011100001100100100001000011001101101
0110101100101101011010100101110101111001111011011110
0110111110010011100101011111001100110001100101010000
0111110001010100000111110011111011100110010100110101
0111011101001110011110011110011000110100010101100010
0100111111011110011001100001000000000111010100101111
0100010001001111110000111010001100001001100011100100
0110100010100100110110110100101001001000011001011100
0110111110110100110001111000111010001111100000011111
0101011110000000001011011011000100000111000000100001
0111001101001011011001001010011110011111111010111010
0111011110101011100011101011001101110001010111011110
0101001111001010110011110101010110010011110011011110
0100101111011101001101001010101001011001100010001111
0100100001111101111101011111101111101111000110000000
0110101101110101100010001001001010001011110100010000
0100010001101000010001100110010010111101011010011010
0110011110110011001011111011101100111100111100100000
0111111000001101000001000001011011100000000011111101
0100100000110001001011011000111111100100111110010111
0110100111101000000101011011101110100101010110010000
0111101100111010111110011111011111001111100111101110
0111100000111001000010001110101000111111000101111110
0111001010001110000010011100010101000101011100100101
0111110110111111111001110101101000111101110001100000
0111010011001000101010110010010000101100000011001000
0100110010010011010010000111001001010001001000101101
0100100010000001101100110110111101010011010010100100
0111111110010000100000100000001010001111110110101101
0111101100110010101011010100011001011101110001011011
0111011011111101011000000011101010001101000110101001
0100110001010010001011010011001010101101110111111011
0110010010000001011100001110010101100101110010110000
0100111011111100010001101011011010101011000101100100
0110100010111010100010001011010111100101010101110111
0101110000111100100000101100001111111111110101111111
0111000001000111000000101110010001100100000100000100
0111100001101000001100111111010001011010110010010001
0100011101010000100100000111011101100010001000000010
0101010100111100001101101001001100001001010000000100
0101011001000000110101001001101101011011101001010100
0100011000011111001111111001110010001100111000000110
0101111110010001010010110110100100010101110010110111
0111000000001011110101001110010001111110110011100110
0110101010110101000100000100101110101000011001111001
0101000000001100110111001101011011111010010110100101
0100001011100011101001000111111101001100100101000000
0110101011100100010001000100100100010111000100101101
0101000011010010010110011011000001101100000101101100
0100110000010000011000001110100100111110101001010110
0110001010010111001000010000110111100001000011001100
0110100000101000000010111001010011011110100000010011
0100011001000100011110100000110001110011111111011110
0100000111010001111100010110101001010101000001100010
0111111010000100001010010000000101100001010000000001
0100000101110001011001101100100110100011100100101010
0100010111111110100011011110110010110101001110000001
0100011011111000101010001111110110111110001101001101
0110111000001100011011011101100110101011010100100101
0101010101110011001111010001100111000011100101001100
0100001000001110100010011000111110110010011010000011
0101000001110111000000110000101001101111001010000001
0101010011101100110010101001011001000010100010000011
0110100111001011101000000111111000010101011111101001
0110111001101100011101000111000011100011101101100011
0111111011011100101010101100100111001100001011011111
0100111101000100010010100011100110110100000000001000
0111010101010110011111101101100001110101100101101010
0111000100100111011100101101011111001111101110000110
0110110100011100101010011011011100111101101111111011
0100010100111100010011000111011001000011000110110111
0111111011101101101111100100001010100011001101110001
0100101001001001001111011000100000011111001000100000
0100110111011001110101101100100100111110110010001011
0110101101010010011110011111101101111110011010011001
0100011001000011000100011101111100011110010001001010
0111100111111111000101101111110011101100111000111101
0101000111011100010001111100011100000101001001001001
0111000001100000001010100100111100001011101101011111
0110111100011011100001011111000110011101010110100100
0101010100111111001001100101110011110101100011011111
0101000001101110001110111001110010110110111000100011
0110000011010111011100010011100011101100101110011111
0111000011011100110011000000100011001001100011110110
0101001101101001011000011000101001111101010110101000
0111101100110001110100000101101000110000011011100011
0101101010010011101101001011001011100001100100110000
0101011001011111111000010111011111001101001010101001
0111010100011011000011001100110011110110110111011110
0101110110110011110001000111100000011010001000110100
0110011100101101111010010010111110110100111011101100
0110110111011010111001111001010001010000011110100100
0100110101101110000100011111110010001000110100100110
0101110000000100000000101100101101011101100110110110
0110101101000010001000001100110011100000100100000100
0100010101001110011000000000111111001011111000100000
0100001100001111101010101010010110111001001001111101
0111101000101010001011111101010001000100101000100011
0110011001000010011101111110010100111011111100100110
0100110000101100010001111100001101011011001110101100
0101111101110110000110101100101100011111001100100001
0101100001000001110011100101101110100100100100000101
0101100110111010010111100001000010000011000001010000
0111001011110010110001111101010011011110101110101100
0101111111010100001000001100100000110001010000010111
0101111100100100000110010000100010001101111010010000
0110111100001101010011101001010011100000000110010011
0101111011110001001011011001100110001100111111000101
0101011010011111001010001101100010110001000001101000
0100110101101010110101001010001011101111000001010110
0101011111101000011100100110111011110000100000111000
0100001010100101001100111110010111111010111101101010
0110100000101010011110001010111010100100100100101000
0100101000110011010110101100011011001110101011110000
0101011011101001111010010100100100101000111001110010
0111111110111010000111001011111010000111111010111100
0111001111011011010011100001110011110001110110011110
0100000110000011111011110010111110100010010011111010
0110110101010110100000000111001101100110110101101101
0110110100100011011100001011010100101110000001100010
0101000010111111110010110100000111111110101101010001
0111010010000111100001110100001010111011001010100110
0110111001010011101110100000101000000100001000000110
0110000101111001000001011111111010000010000100100100
0101100011101111111001001100101000110111000111000100
0111000001011010111011110000100111011001000110001110
0110110101001111000010111011011110111001101010000001
0101111010101101011010101011011111000001001111011110
0100011101110001001001010111000000001101110110011111
0100011100100110000001100011100011010010000001000000
0111001110110001001101111101100101011100100000101011
0111000110111010101111111010000001101110110111101010
0111101101101110000111010101110101010100001010011010
0101101100001011010001011011100000010100110110011101
0100010000000100011111000100111111110011001010111000
0110010001010111011001000101011111100100000011000101
0110111101010100111010010000010001010100001110111010
0101011011111101000001000001111010111100010010111001
0110110101011011100110110010100101010010011111011000
0111111111110100101001100111001010000111011101110010
0111000110000110110100011011011111001010010101100111
0101011101001011000100101101100010100110000101101111
0110010001000011010111100111110100101101111110011101
0100101001100001011100001101000010001001101100001110
0111000000001111101010001000001001101001010101101000
0110000100100110100100000111101100101111101010001001
0100101010011010001001011001011001110011110010110010
0110000010101100000111000101001011011011001111111001
0110111101101011101010011101001010000110100011000111
0111011101110010010101101001101010101011000000001011
0110011000010101110010010010011100001100101101011000
0100101111001001100101010010101101010101001111001011
0111111001010000101010001100110110001001100101011111
0110111111110010010001011001110100101010101101000000
0100110100101100110110111001000100101011001100111101
0110010000001001011001000001010000001001100010110010
0110010000011011100111011101001001010011110001111100
0100001010000010100111011001110011011010010000010001
0101011001111001011111111111010100001100011101100011
0100011010111011000101010001000010001000011110001011
0111100110010111111111110010000100110101101000111011
0110010111010011110110000001101010011100001001010011
0101101010001101010010111101101000110010010101100110
0100111100110111101000001010100000011101010010000100
0110011010010010101111000100101001000101101100111100
0101000000000010110101011000011010100001011010001001
0100110110011110110000110011101101110100001110111010
0100110101110111011011000001101000011001000011001100
0101101110110110100110111111100100010111100101111000
0100011100101100101001000000110000000110101011000000
0111011011011001000101111010110111010000101001101110
0100110011111001011010000001010110110111111011110111
0111001011100101001100010001110100000001101010110000
0101101000101100000001011111001100000100111101100110
0101101111100100111111000101100000010101010110101101
0100101111111111100111110001010000100011110100010111
0100100110001100110000111011110000010000110000011010
0101111010111101100101001011101100011110100000010001
0111101011100100101000101101011000110101011000010100
0111100110000000001011111111110111000001000010011110
0100111000101101101111010100010110110010111001011110
0111010010111000100101010000111000101101110010010101
0100000101000001001010111101000011001010110100100011
0100111111111101101001100101011100111100000010100100
0101001101010011010011011100101111110000101111010111
0100111111110001001000101010111001010001100101101010
0110000101011000000001000111110011011000101100100110
0101100000100011101101100001000110100100100001100010
0111011001101000011011001110110000101010000101100001
0111100101011011101001010001000011110100001010101001
0100000000000010111100110001011001010010000101111001
0101000010111001100000001000111101100111100001011000
0100001000110111010101110000110110000101100111010001
0100000001101101110101101101000110110110010100011001
0100011001000001100101000011101101100001001000000011
0111101010101101101111110010010100000101111001110101
0100000100111111110001111011110000011001010111000000
0110000111011001111001110000110111110101101011000100
0110110001101000000011101011011100111111100010010011
0110010101110111010001001100000000001111001010101100
0110000100110111100110100111100101110100011010100110
0111010101010001101111101011010010101110011001110011
0110110000000101100100010000000110111111111010100010
0100110110011110001011111010110011000111110110110110
0101111010101011010100101000111111000100010111010100
0111001101000110101101000111010011011101001011001011
0111100010111001110001001010000011101000011111000101
0101111011011111101111001101100010100001101110000111
0101010010010001001110101101110101000101111111011100
0110111100011100101000111001110011000101100110110010
0100110101001011000010111010110000011011011110100101
0111000101100100011101110001001100001001010000000100
0101011000011001110100000010010010111110101001110101
0110110001101101000001011010010001101101001011111111
0101110010110011001011001110111001010010011010010111
0100101100001011001101011101000001011101001111011101
0101010011111101010110101011100010100101010101010101
0111010101011110110000110000101101000010011111000001
0100000011000010011001110000110101101100001010110010
0111111000100111111111100011011110001001010001010100
0100000110000100000011011011010011001111101110010001
0110110000111101110000001001100111100001000110101100
0111011000000101001010011110110011110011011001000111
0111111010110011111000100010010111100000001100000000
0100000010110001011111100111111011001000011000101010
0100000111001011011010110110000100001000101100001001
0100001101111111101110001000100110110101010101010111
0101111110110011100111010001000110000101011000110011
0111010100111111110110100100010101110101110001101110
0100001000101010101110010101111011111000010010000011
0100011000010101100100000001001011010101100111101111
0110100010000010101110110101110101101100100000000011
0101000111010111100110110010010101011001000011000011
0101001011110001101111110110110101001100000000110101
0101100000111101110000000000111101010110101011111111
0111111110001101000001001010101010100001000110000100
0100000001001000000000101000001001111110110010101101
0101110110101100011110111000011101011000111001010100
0101110110001000110111001111001001010011011001010010
0101010010001011111001011011110010001000100001110000
0110010101000000000001011000110110111101110110110111
0111001010110111001100001100011100001100101111111001
0100111011100110101101110001001011110011000011101011
0111001111110001111001000111101111001110101100001101
0111010100011101110001010110100101000110111010101111
0111110001101111110011001100100011000010000111000101
0100001001001011000100111001010101101111010111101110
0111101110001110101011011110101100010111111000100000
0100110011100100100011110011001001110101011101111111
0111011101111110111110001000010101000100011010000011
0101111111111101001001101000000110011000110010011111
0100101001001001111111111001110001001101101001110111
0100110111011001011000110101100000010001100001110011
0100000101101111011000000111000110011001101010101001
0101000110111001011000010001011011111101100100001011
0101111101000111011100101110000100011000100101100010
0100100000001001101101000011001000010010000100100010
0111001010010010011111111010000100110011010011110011
0110000000010011111000110101011101011010111110011111
0111000110010000110011100100010111011001100110101111
0110111001101011010001100001010101001101111000101101
0101101110101111101110100111101101110011001011111001
0101100001111100000101111100001011000010001111110110
0100111001010100100000011110110010000000101111110010
0100001100000111111010000011111000000010011100011110
0110010111101100100010101101010010011000111001010011
0110101100000100000001011010010101010100100111111111
0101100000101101001000000111001101111111100010010110
0111010010001010111000001101000101011010010001010001
0100110000000100011111011000010000010010101111110001
0100011011111101100001010101000010111001110010100101
0101000101101100010001011111100111011101001111011001
0100011000011100011111100000111101110011010000001110
0100100110001011111000100100001101011000000011101011
0100000000011101000100110001110010011011001011111100
0100100101101000110011001110110110100010100101110101
0100110101000100100011110101111101101111011101111110
0100010001110011001111000011100011110110010011111000
0100000101101010111101001111001001000010100010101011
0101110000000010010111000101111111001111111001000100
0100001010111000111010100111000000001100111100111010
0100110000000000011000011010110011000010010000000110
0101111100000110011111010000100000111001000001001110
0111010011011010110000000000010111110111011110111110
0111010010110101000000111110011110011000110100011011
0100011111000101111110011101011101100111001111000110
0100111111000001000001010110011111111000110110101101
0100001101101010101000110011000011001010100011100000
0101100110101111101001101000000101001011101010100111
0100110100101010010101111111110000001011110011010100
0101100010010011001000101011100101001100101110010010
0100010011010001010111100001011111001000001000111101
0101110000111001010010010110001010111111100100010011
0100011111001100010101100011111000011100000101000001
0111101010101001111111001011011000000101000100010101
0110100011001001011101100110010001101100000010111000
0111010100001110101100000101000101001101101010000000
0100001011010011100111100100100100100000011010100111
0111110111101100111011101011110011100100110010001100
0101100011111011110111011100011000010011100011101010
0111011011101101001110001110100010111010100101001001
0100111000100001110011000011101111101011001000111111
0111110001010011001111101100000111100101000001111000
0110101100101010001011111110000111101010010010000001
0111011111000111110010110111111100111001101010101110
0100001110100111001110100110101011110001110111011101
0110101000111010110101100010111001011101110011000111
0100110110010000111100001101100111110001000000011111
0111001000001011111111111101010111110010010010101010
0110001010111000100001011110000111011110101111100010
0111100000100010101001010101001110000010100101111011
0111011111100010110001000001110011111000100101111011
0111101110110010100000001001011100110010101100110010
0101110100011000101000001001011111100111110010111011
0100110000110001110001001110000010010010100100011001
0110001110110000100001000110000001000011000000000001
0101100010111111111001001011010100000001011100111011
0101110010011011011110001100011001110101000101111000
0100001000110101011001010101010010010011000011100000
0111100010110100000010000010010010110111101111001001
0110110010101000100011101011011000110111001101101101
0111100110001010111001000010011100010001100001010110
0111010010111110000111111001101110011011100011001111
0100000110101001000111011100101011111101101000000001
0110001001011110100111110010010001001000111000111110
0100100001101110110011101110101000000101001111110111
0100101000000101100110111101000111101011111101010011
0100001011010101010111000101001110000101110101100111
0100001011011111110001101110001111111011010111000000
0101011011000110100010011101100000111010110001011001
0110001100100000110010110100110101110000010110101100
0111111110001110010010111110100001111000010100101101
0101010000000111000110010011011001100000010000100111
0101101011101111001001111110010110100001000111011100
0101111001100001000110111010001000111011111011101111
0110010110000000000110010001001110111110011011011111
0111011001010101111001111000001110011011101011100000
0111110010001101011101111100111010111110110000001110
0101110001111011110010100100100100010010101110001011
0100110111110100100000111011011100011000100010000110
0110100010100100010101101000101000010011011000011001
0101111110100100000011111110000000110111100000001100
0101111011100101000100000000011101011100110101001101
0110110010111100111100001010011000001000111010001011
0101001101010110101100000101111011111001010001011100
0110000011100011110000110100000001001000010000111111
0110011101101110110110000000011101010100110000011100
0110001001110000110111001000111110100000100000011001
0110110111000101110011011000110100111100000000111111
0111001000011010001001101101000011110100101100100110
0100001111111011110111110010001101111000010111000001
0101001000011011101111011101000010100101100001100111
0100011011011111110101111001000110110111010011100101
0101011001101010011100100011010000001110100001000000
0101001111110110001100110101011011101010101100100111
0110001011101110100000111111110001001110100011101111
0110011100100110011110101110111001010100110111110100
0111000100000111010010011101010011110000010001100001
0100011101001101001001111101111001010001101111011110
0101110100010100010000011111000100011110111100101001
0100011101001001010111010110100010011011111011010000
0101100001001100010101010000110010101101000010010010
0111011011101000011011011111111001100100000100110011
0110011100100110111111110001101010011000010101110010
0110110101110010110011110001101000101111110111110011
0110010000110111101110011100010101010010001100010101
0110000110010010110101110100100101000011010001011101
0100001000100100100110011011000010010001011001011000
0111001111100000110101011010000011111101011011100100
0100001101101001110100011110011000000110000010100100
0110000100000000000100000111110110010001011011001011
0111110010111111001111001110100111001110101011001110
0111000100111001010111010100111010111001010111010110
0101100100000100010010111001110011101010010000000001
0101011110011100100000101101100110000111110001111111
0100111100001111110001100111000110101000000111010010
0101100011110000110111100011101101011000110010001011
0110101010001101010001101101110101111000101011000000
0110011000001001011000011001001010011100000100000000
0101111101111000011011001001101100011100001001001100
0110001110111010101000000010101110010100101000010011
0101100001110000101000011011101111001001111011011010
0101111110101000010010000110000101000111000100101000
0100000100010000000100101101111001001001100100111101
0110111101011001110101110111001110101011100000011000
0111111001110001110011010100010111000110100100111100
0100001000101111111000001100011000100001011101100000
0101010000011010000011100011001001111111010110110111
0101111101101111000010101100000010101010100001100001
0100101101101010100001100101101010010100001000010101
0101100101111111010001011111010001101111111000000000
0111100000101010010101011001000101010010000100001001
0110101101100110010111100000010001110000110001001110
0101001011110011111010110001010000100011101100001100
0101101110110111101010100100110110100000011001111000
0111110110111010101101010001110101010101111000110000
0110010011011001100111100111011000000001100000010011
0100001111001001001110111011111011011100000111011101
0100010001110010100110010100000110111111010011110101
0110011100101000111101000101000111111101111011010100
0100001010011110101110100010111110110100101000010001
0101110011111010011010010011101011110110111010011011
0100010100110101011110000000110101100100111101100001
0100100100111100001001110001011001101110101001001001
0111011010100001011110001011001010110101111111111010
0101111011101010011000110111001101011100010111010110
0101000110100110100100010100111011111100010010000011
0111010011100101011101001101110001100001101111111001
0111100010110100100111111000010001101000010000011000
0100110010111000010010111101010010011110101001100101
0101110100001101010110000011111111100110011101011100
0110111010001110110010101101010111101010010001010011
0100011010111010101001101110010101100001011100010110
0100001101000011101110101101000101101011111101011100
0111110100011000110001010000110101110101000110001001
0100000111011000111001001101111001000111000100101101
0100110101001010111001001110101100111110110001011111
0110001100101100110011111110001010010101101011000000
0110111010000010111000010100011010001010011010011110
0111110010101011001111101001110011110010000101100001
0101111111011011111011001010010000110101010111001100
0110000000101010111001101001011010000000010111010110
0110100110000100100100110000111010000010010011001000
0111111111001010010011101010100101010111010011000000
0111010111110010111010010100100100101110011010000111
0111010010001100111111001111111000100001001111010101
0110001100011010010010000000101100101011010111011010
0111011010101110100011110000111010101100110101111010
0110110001111111100101100100110001110110111000110100
0111111110010001011110010010101000110001011111010110
0111100001011101001110001101101000110100100010100111
0111000011001111010001100001000111011111001010110100
0111011000011100101011001110110111010110111100110001
0110110011110000101011100001101110011011110111111010
0111111100010100010001110001111101010101100100100100
0101100111110100001011100100101010100100111101001101
0101110110000101111110001011001111000101100110001100
0110011101010111010011010110110111000111010111011010
0111110011111111110000011101011110001011100011101111
0101010110001011001110001110000100001010001100000100
0110001111010010000010001001000000000001100001000101
0110110101111010010011011010111100011000111110101100
0101001100010010110110001000011001101111110110101010
0101011011100111110000111011001101100001011010101010
0100111001011000000010100010100000011110111010010010
0111011110010011010111101001010111010010011111010011
0100110010110000100001100110010100110011000000100101
0100101001111110010001001100110100111011000110111010
0110001110011011101001000100000001001110111011101101
0100011010010000111000010100001011110001000010000100
0110100000010101110100111011011110110110111000111101
0100010001110101001110000000011011010111010000101010
0111011111010100111001101111101000100111000011100010
0100010101100101000101101110111011100111011001000000
0111010010100111100011101011010011000000010100010101
0101111010010100111111110111110100011000001010111000
0111101110011111001011000001111110110001000111000001
0111111000111100000000001000000011101001001011011111
0111011011010101110010000111000101000001100111100101
0110101011110101111100110001000101111100011100011101
0111011001100100011001110110001001100011001011011101
0111011001010001110000010111000011011111000001010010
0101100011001111100011001111011011100011111011001001
0111110000100010010111101011010001110111001000000001
0111111101001001100010001011010001110001101101010011
0111001110010010110000001111011010110100101100110010
0100011001111001100101100100100010011111110010111101
0100111010011111101010110100011000001000001100110011
0101000000100001011011001000100110010001011011110011
0100110110111011111101111001001111100011000101001111
0100111101000110000110001011000000011100000101101111
0111100010110111000001100101110001011000011100000001
0111110101100110100100011011000011001001010001010000
0100000110111011101111011011011010110111001110000111
0111101001110011010110101001001110000000110101001110
0110011001011111001001000001010111110011010100000010
0111111101000101000110001001101000110000101111011001
0100111110100111111110001111110100010101111100011111
0111100111011001100111000010001110010001001101011000
0110010110001101000010001011101100111000000000100111
0111000111001000110011011010110011110101100010000101
0101111010010110011000100011010100011100000011010010
0100110001100100111111110000100011100100010000011000
0111011000101010011010110111101110110010100000001101
0111001010001100001000010110101011101000000000001101
0111010111011101111110010010000101001000101111010101
0110010001000010100111100000100001001101011010001010
0110001000100101110000110010100001111010000110011011
0100000001000111011111010100010110110010100110011100
0110110100100011111101100001110111011001011010010100
0101011100001001111100110000100100001111100100011001
0101000011011011111000001000110000110111100000111001
0110001000000000111100110110100111110000101101100111
0110001100101001001000010011010100100110100110010111
0101001110101101000101000110010100010101111111011001
0110001101000100000001010110000000100010011001100110
0101110010100101100000110011010111000011001111001000
0101111000111000100011010100101101010001010100110011
0111010111100100000010010011111010111101011001010111
0111111010000111000110010101000101111010110101110101
0100001111111110000001101000101111100111001100100000
0110000001000011010111100100000001000010110110111100
0100011011010000101010110111010111100001010010001100
0100101111010101100010110000110110100011010011001001
0101000001100000100010001111101011101101000100111100
0100011100010100111000001010001001010100101001010111
0111100000000110001000100110000011100110110100100010
0110011001001111110000001001101010010110010001101101
0110111000010100101001001010000111110010010010000100
0110001111010100010111111010011010111010111001010000
0111111111000011101000110000111110101010001000110000
0101111110000111001111101100100101010001010001101100
0101001000011001101010110100001001111010001101101000
0101010010000110010111100011000000101110010000001100
0101001101101100000100010111100100100010000111011001
0101000111111110100000010000110000110100001111111011
0100000001101000111110101111001101100110101001110011
0100001111001010010101011000011101101100000100001001
0110000110001011110110100100110111111000000010101110
0110011010010101001100110011000101111010110100010001
0101000110110101010001100000110100000011100111000000
0111011100001010010111110001011011000110011110111000
0111001010100110100000111011111110010101110001011010
0100100111000100110101001100010011011100000110101110
0110001001011100011011010010011010011101000010001100
0101111111001111000011001001000000101010011100100111
0101111001000011000110001000100010110110011010000011
0100110101101101000110001101101101110110100011111100
0100010001110101001110010100101101010010101011100011
0101011110101101001011001000001111110001010110110011
0110000010001110000110010111101011011010010000010101
0110110001001010100111011111010010001000110111101110
0100011111111011010011110001111001001110001101100111
0100011000110111100101110001000111010110110101001111
0100000101100110011000100110101011110100000110111111
0110110001010111110111110011010100001001111100011110
0100101111000000010110001000011111101010110000000111
0111100100011100111100000011110001011000001110101011
0110010101000010110110101000001010011000000000011000
0101011110100000000000100100110110101011001000000110
0110001100010011011100110111010111101010111110011101
0111101011010101101000011111111100110001100111011111
0101011110001100010001010000110000001110100011110100
0110110101000000011000000111011000111111111101101001
0100101100010011001100011010100110000110101000101011
0100010111111011100000000101110100110101101000110101
0110111111110111010111101100110101111100011010110101
0111101110011000111011101010010001011100111010011011
0110111011111101000101001100010101000100001110100110
0111000001000000001101101000001100011111010000100011
0100111111101111000010111110000110001110001110100101
0101111011010100111000011010010000111000101001011001
0100010100000000010010000000010000000110110010011010
0100000010110101100001101101010010011000111111001011
0100111110010110100101001111010100101110101111101110
0110001111010110111010011000011010010110111101110001
0100010011011111100001111000101101001010111001111011
0111001110100110000110000010000111000111001000001010
0101011011011001001111101111101000101100011111110001
0111001110101100111010101000100111011100011101101100
0111101110111011001011000011000011100011000101100011
0111111000110000000111100111011100011100111011010001
0111100110011111011010100010111110000110101110011100
0101000011101001110010001101101101011010000111000101
0111100111100011111011000111110001111100101100011011
0111101010110101011010001010100011001100111001100010
0101000101000110011010010000110011111111111100101011
0101011010110000011100011000110001100011100111110101
0110010011001010111000001111000011010100000001010110
0110011000000111000000000111010010011111111000110110
0110001111011111101010000011110100100001100100010110
0101000101100101101111000000100000010000111001100111
0101101100001001111010100000001111111001100010101001
0100110110101110001010110001011101100111111000100000
0101101110101110101110010011001001011110100010010101
0110000010010000100001010010110101111111110110000011
0111011100001010111000100000110001101111111110111111
0111111010110110101010101001100111011110000011001100
0101011001000000111011010100110110011100000000011011
0111010101000000110110001001001111110100110110000001
0100110010000111000101011111111111101000000010100010
0111100111001100010011111011011100011000011101100011
0110000011100111101101010100100011001101011010100111
0100011110111101110100001100111100101010011101110101
0100110111010011101000111100000010101100001110000000
0100111100000101010011010110100000000110110010111010
0111111110100100100101001101011100111000010111101110
0110001110001000010001000111111110110000010011010100
0100101010101000011011111100011011001110001111010111
0101100100011001011111000100001100010000111011110011
0111000000001000100001111001101011111111101101101101
0111001010011000110101100111111100010110001101110100
0111011010100100000000011000100011110011101101100100
0110000010110001100101110111011010111100111111101111
0101100010101010001001110001010010100100010111111011
0110000011001100111111010111100001101111011101110101
0100111000001000111000111111010010001100000110100000
0101000110010110111111010101100100000011000010011100
0110111110111011001011001101011110101100111111001000
0110011000111010111111010000010010001101101000111001
0111011001101001010110100101100111011111001100011100
0111010111111001111001001001110101001110001101111011
0111100101101101110111100011101101011011000110001110
0101001100011000100010011110001101001101001101111001
0100000000011100111111101110110101101101110100111010
0100010011100111101010111110001111010011101110010111
0100011101011101001010011011101011000110011101011111
0111001100110100101010001000111001001101010000111000
0100000000010000100110000101010010000100100110000010
0101000001001100111010011101101001000010110100101001
0100010011100100000100001000000010111100011001001111
0111100100101000011001110100011100110100100000000100
0111111111010011100100110011010111000110011110000101
0111011100111001111011000101010001100111100010101000
0100000110010001010101001101101101010001001001100010
0111010101111111011001011010010000101011100001100011
0111000110110110100111100111000111010011100110100110
0111010100101000000111111010000001100110011111111000
0111101110110101100000110101011111011000011001111110
0101100010111100010000110111000100000000111001000000
0101000110100000011010100011011100000110100100001100
0110010100101100101000000110101010011010000010000101
0110111011101001101001001101100110011111001100000100
0111000000001001101011101101101000100100111111001100
0111101110000001111110001100111000110000100111100011
0100001001111100001100111000000011011111010100011101
0111000010010000110100010010101100100111111011011001
0110010010001000101001111101010011010011001001011011
0111000110010100100011001111011000110100101100110110
0100011011101110011010111110010110100001011100010111
0100011101101000001011110010110010111011001100110010
0111101000000101000110111010111010100011011100000001
0101011100111010101011100101101100101001110010000101
0111110000001000111110010110010001000001001011000111
0111110000001011011000110000010101011001101000111010
0100100010111101110101111110010011001100111110001010
0110101100010100111001110010011110101111110100100100
0101100100010101110101010110111111011001101111000110
0100111110001011100111100010011000011100110011101110
0100100010000000111010110000011100110111110010010011
0100110110101100011100100011111001010011000110111000
0111010101010110011111111010111010111110111100110001
0100010110000101101000111000101111110001010000110010
0101011000011101001011111000101111011111110000100001
0110100111100010101010111110111010001010100011000011
0100110001011111101001001101001110101111110000010111
0101111111100101101010100100000110110001101110000111
0110100100000111011100111011011110000001001010101011
0100110010000100110100111100111011001000000010011001
0110101100010110100000001001100111101011001010010010
0111001010010001010010001101000101101000110110010011
0111101111111100110101000101101010000110001110101001
0110100011001011010011010010000001111110001100101101
0101011111110101100000011010110100001110101100010010
0100010101001001001100001001101001000100000111111011
0101111100110001000010110001111011100000011111001000
0101001011001111111110101011011111010001100011101100
0111101010101111011010011100011000110011011101100011
0111001101001000110101000011010111111001111010011001
0110100010010101011110000100010010000011111101001110
0111011111010110011110001011000001110001000000001110
0111001011011101001011001000011101001101110001101101
0100101101011001101110010000001011101011111001011100
0111011010000101111011001011110111011000001001010101
0100100111000111101111101111111111101111011010101010
0110010101010111000110100010000100101111011010110100
0111001101100100111010000100001001011101101110111110
0111010010111101010101111010111110000101110010111001
0111100011100111110101110011111001111100111100011011
0100000011111101110101011111000110100101110000110000
0111100000000101101110000100000101010010010010000101
0110111010011111011011110010111100101101100011100001
0111010111000101100111111110110110011011111100110101
0110001110111011110001011010011000011100111011010010
0111100100000101010010010100000000110101111001101100
0110100100110110111101011010001101101111010001011011
0111100000011001010010111111101010100100000110010111
0110000101111100100010011110111000111101000110101100
0111110011000001110000011110100001110101101100001000
0100111010110111111110101101101101110011101100111000
0101110100111101001010000001101101010110101001101100
0111111101110001100001111101110001111001101001110100
0101010001001000111100110111110110010000101101110000
0110011110011101101101110101000011010001001011101111
0100101111010100010001011100011111001111110101100000
0110000000001111111000001010110101001000000111100010
0101111010000010010010111000110010101011111110111110
0110101010110001111000111000111000111010001011101001
0111101110000011001101011110101110000111100101101001
0100011100111111110111110101010000001101110001101110
0100101101001001010011011010001101110100000000101010
0111011110111101000000000000000101000010001111010010
0111111110111010010010001000100101011010000101110110
0111011011010110000100000011101000001110010001111101
0100001110101111000111011100010000100001010111011100
0100111101000101101111111001100100100110000010100001
0101111100111010011110110010110110001110111010010001
0100100001010110111010100001101001011010011000111000
0111010101111101000000110011110111100111000001101101
0110000111011000011101101111000010010011011111110000
0110111001100000001101010001111010001111100100101011
0110010001111101111010011110101110110100010000101000
0101110101110111010001001000011101011001100011111001
0110100101010010000011011101111100110100010011011000
0100110101110111110101001010100100010000110111001011
0110110011011001101100101001011101110111110010100011
0100110100010001101010100001011001010110111100110000
0101000010100111110011101100110110010011111100011010
0101010111010111011100010110001001100111110101000000
0100101010000011010001101011011010100001001000101001
0110100000111010000011011011111100101101000100110111
0100000011101100110000011010111100110111101011011011
0101011111010111010101111000110011110110011000101111
0110001000011100001101111110000111011100101011111010
0100111101101111000001010101101001011101101010110101
0100000111111101010101111010101110010000111001111101
0111101010000100110111101110001000111010100111100101
0101110011101111001100101110111101010101010101001011
0101100101001111000010110100110101001011111001011010
0111010010001011001110111101011010111101101000110001
0111001011101110000011000101000001001110000011000001
0101000010110100111010100010011111011010000010110011
0100101111000110000000001010110001101010110011011110
0110000101011100110000100000011111101110001011000100
0111110110011001010111101011000001010000011111010100
0100010001011001011011101011110010001000101101000011
0110101000000110101100111010010111000110110001000110
0101011111011111010111011010011011111000110001100111
0111000100000011101011111101000111110110110010110111
0100011001011100101010110110001111100001010100111010
0101110110101010010100001010000101010001011100101010
0101000100111100100111100100110110000011010000010011
0110101100001000010101001101001111101011111011010110
0101010001010100110001010110111001100010110110100010
0111010101011011111000101001101010110100101010100000
0101000011101000101100101000001001001010100001011100
0101010010101101011100100110011011110110000100000110
0110011011101000100000111111110011000101011111100100
0111100111011001000010111001000010000010001100100100
0101111101011111110110111110110110001100001110101111
0110001110011011000000010111010101001110011110101101
0101100010110100111001011100111001111100011011001111
0111000000110011100110100000010101001111100101000011
0110110101000011100011010110110001111111011100010011
0111010111010011000111000000100011010011010001101110
0101000001000110110000110101101001010010101110100000
0100111001011011111111100010110110111110011110111001
0111101000100101000100010101011001101101101111111101
0100101110000110101110100001110110100111110101110011
0110011000100011010111111100101000001101011000100001
0111000011101100111101011001101110011010000110101111
0100000011000100011011010010001011001000010001110010
0111111110100100110100001110000101010000000010000010
0110001001000010110010000100101000010110010011100100
0100001010101101001101000111010010111000110000110000
0101000110011000110111011111011011111000000100101010
0110111001111011101111111010000100111011100101010101
0101011101101100011100111101000011110100011101001111
0110011101111101000110000110101100101110011001101110
0110011010001011100000110101000100111011111000111111
0101100100100001100011101111000010101101011010100101
0100101010010001010000010110011000000001010010111101
0100101001000000000110010101011011001000100110010001
0110011010000111101100000100000111101100100111001100
0100001101100100111110011100011011001111000110101000
0100111111011001000111110111101101110100011011111001
0111010000011101000100010110000011100000001111001010
0111110010110001001001111001000101010000011010000101
0111000110110100011011100100111100100110101110001100
0100001100001000011011000000011010000111111111110111
0100000010000101110000111000011101100111111000101101
0110000010100001001110000101111100101010000000010101
0111000011000010100000001111010011111111011100110110
0111100010111010100110011010101001011011110011010001
0110001010001011011100000001101110101000100000101001
0110110101100100110111101100011000011110000110100111
0110100110000000011110111100101110111100110110011101
0110001000001001110110011011111000001111111110001001
0100000010100110101010011111000010000100110101111001
0100001111111100101100011000100110110100011001010100
0110100000001101010010100000101000000100100011110111
0100100110100010011000001110010100100011010011010010
0101110000001000000000100011111001111111111001001101
0111101010000011100011001010011100000001001101011101
0100100100011010000110111000111101101111010110100111
0100010010001001010110010011011111110000000100010101
0111011011100011011011001001100010101000110101001000
0110000100100101101100011001011001001111110100010101
0110001011010000011010111111000011011111110110101100
0111110100110000100011010111100110001011000001111100
0100101011000101011100010001010010000100000100001111
0111000010100000011010111111100010000001001000011110
0110101010001101101011011011100100110110110000100001
0110000110101100001101001101101101101101111011111010
0111010101110101001010101010000100011101010111011110
0100011111110010101110001111001101000111000000010000
0101010101110100101011001100000100001011101011000001
0111110110011011100011101000100111010001100011001001
0111110111110101011000111001001010001000111100001011
0100010100110000010001011011101000001010001001111111
0111000011011011101001101110000011101100001110001101
0101101101101111100111100011000111011101110001110001
0110110001010000110101001101001110101110011011100110
0100111101110011011111100011110010001110101101110001
0111110001101000101000110101001110000000111101111011
0110110100011110010000011000100011100100101111110100
0110100001011100011011010101100110100101000100001101
0100001010001100001011111101110101101001111001101011
0100011000001010110101010101111001010110111000011101
0101000011010000110111000010101000100110011011110100
0100001110000001010111001010101100100001100100101100
0100000001000000000001001000101100110010110010011001
0100111110101000100010110000110100011100101001010111
0110010011111101010101111101000111100101001111000010
0110101001000001000000010000001110101001111111010010
0100100110101000110101000110010010001010010110100100
0100000000100100110110011100001001011011101110011001
0110001011001100010111101101001010011100100010010101
0100111001001101010011100000001010011110010100000111
0100100010001001101001101101100001011110101001011111
0100111010011001000100110110001100111010100000100001
0101001111001000101100100111011001110001001100100010
0100101001111011111101010010010101111111001000111011
0101001000111101010110000001010100000101100110001010
0101010000101101010000001001011101100111101000101101
0111101111000001100011011010000111000111010000010010
0101110000001111110010111111011111101101101110000101
0110001110011000011101110100101011011101100100110100
0101000000000110001011010101000000100001001010010110
0100101101101010010100110110000000011111001100110000
0101010111111101110000011100000001100001111011100100
0110101101111001001010000111110111111101000000100010
0101000011110101010001011010100000100101000010111011
0110000001001000001111111011101010000100000000000011
0110010101110010011010010010110000101111100101110111
0110010111000001010101100110011000001010010010111101
0111110011101101111001101010100101010100010111000110
0110101010010000001001110000100011001100001011010010
0110101100000110110110110000100010100000001010001011
0100001010111010010000010110111001100001010110101101
0111010000110101101110101001010110011011000111001001
0101111100011111101000101011111101011101100001110110
0110001010111101010010010010111110110011000111010111
0110110010101000101101101111000011001000011111010100
0101010011011111001000011111010011010011111010110110
0111001101000110000010100000101110010100101110110110
0111001101110010110101110011000100000010111110111101
0100000010000000000001110010101000000000100100110010
0110100000010010100101000000100001011111111100110100
0110011010011011100001010011101100011111100001000000
0100100001011111000111100010010010101111110001101101
0101101001010111000111011100101110100001000001100111
0111100110101000011101101110111010001010010011000110
0100010111110010000101011001001101101110101101101100
0100110110101111100011100111011011001110100111000001
0101101101011101110010011111111101110000101011101000
0100011100010011111010000011001111110100100101010111
0110110010101001100111111101001010000001011011100111
0100011010000100100110110001100011110011011000010010
0110110111010101111000000001001100110111110101010100
0110000010101110110001100110111101101110000111000000
0111111010001010001101111101111010101010010110110111
0100011001111110101001111010011100101110001111111010
0101111011110010001101000111000000111010011010011111
0101100001101100110010111011001101010000110000011100
0111100100111101101101001000011000111101100010101111
0101010010000011101010011110001101101100101100000101
0100011111011000011000111111111101100111010111110000
0101110010101111110100010001100110000111101000111101
0101001010110000001110001000110000110011001001111000
0110000000100101001001010101011010110111101110000100
0110111101010101000110111110111100111111011011111011
0100011110011011010100011100100010010001000010111101
0110100111111001101110000101010001010011100010000100
0110011001101101100011010100001001000101011111001000
0100000000010100111001110010001011111111110101100000
0111110010101010101010101010010011100111000101110011
0100110010110000101011010011111001000101100000010110
0111111010100001000001001111011010111110111011111111
0100001111001001100001111000101110110001110110000001
0110010110111010010001100010010100111100111010011000
0101000110111110000011100110001001011000010011010001
0101100001111101001100000100101111001111001111101010
0101001010001111000110100001011110100001011100000110
0110011001001100100000111101000100011110010110100100
0111001001000100001100101001000110010110011101101101
0111101111000101000111000111110101000111111101000111
0100101010100010010111100101000110100001101101100111
0100010000001101101110111101100101100100100110000111
0101010000111100100101100000000110001100111001011001
0101101111111011000101011100010100011000111000000011
0100011111000101011110001001111001001110100111010100
