01111100100010110000101010011110101011
01001100100000011110110101101100010001
01011011110001000010100011000100001111
01000001101110100010110100100011111011
01100011011010000010001100000001110111
01010011001000110001001001000011100001
01101110101001101010110111001001100111
01101001111010001010011111111100011111
01001100011110010111000010011100100011
01010111011000100001010000010111001010
01111011011010111111101110110010001111
01010101110010000101110011011100000010
01111010011001100101000110000001000100
01001100010000100111111110010110110000
01001001011000010101101110101111111001
01100010111101001111111000100000100101
01110001111100001100000000000011010011
01110000100011011011111101000101000000
01010100001111000010100111011111111001
01001110000100110001100011110011111101
01111001010010100100001000101111000100
01000001010000000111101010010001101100
01001010110111000111111011100010001000
01011010011010101000011000000101100111
01111010000111010110111011100111110011
01001010111000000101111101010011111001
01110011101111000110010011001111000100
01010101000001001010011100010000000010
01011011111000101010011011001000101000
01101001111010011111001101110010000011
01100100111101011101001000111110000110
01111000101011011100111000010000111011
01011110111001000101110010001110011111
01100001011001100100100011111000110010
01111000110010000011000100101100110110
01101100101110010000010100111100111101
01110001000000101111010101000111000011
01111100110000101001101110011100011111
01100011001101011010010100101100011110
01010101110011111111100010101011010001
01110001110001010011001100001110001001
01100100101101001000000011010110100101
01011100000000011010010001010110011101
01111010011110011011101110111001100101
01100000001101011110101011001011000000
01000010101010011110010000100101111111
01101100101011010110110101000011111001
01011000101111000000100100011111000100
01111100001011001100101001101101010100
01101000110100111011101011111101000100
01101111000101001101100011111101011110
01110101101011101001100011110111100010
01100010100101011010110001111010001100
01100111010110011011100000010101111000
01111100101000111011000010111010001111
01010110010111011111110111101010111111
01010001100111010000110011001000101101
01011001100000011010100000010100000000
01111111111010010010101111001001011100
01110011010110100101001001100000111110
01011101101111011011110010001010001010
01100011010110111110111010000101111110
01010111100011001100000010011101010001
01111010110010110110011111010110001000
01000101110011011100011100100101111101
01011010011101110000011001100010000101
01101011100000000110100110010000111010
01001001110101111010011011000111010110
01001010111110111110011110011000101010
01001010011000000111100000110001000001
01010010011010100111100000101101110111
01011100110011101101000110001100000110
01101000111111011001101011101110111011
01101010101101011101111000111010101000
01000111010000111001010010000111011010
01111011001001110011011010110011010110
01110011110111010111010010101110101001
01110101000001000000010101100100010000
01101101001111110110000010111111101010
01100011101110010000111001011101111000
01110011010110101011111101000100110101
01000011100011000110010000110100000010
01100101000011111101011001000001011111
01010001011101000100100110011100010010
01011101010000011000001110001000000110
01011010111010010110110010111100100111
01101000000111110111100010110101011111
01001011100111000011000010011111111010
01100111111110010111111110001100100111
01000111000011001110110000010000100100
01000001101011000001100101111001001000
01100000110011101100011010110111101111
01100000110010010011011000111000000001
01010111101100101001000101101011110101
01101011001000110000101000111100010011
01100100111110100000011001011010100110
01000111110110100000001100111010011000
01001011011011111001100001000111011110
01011101010111001101011100001100100100
01001000101011100111111101110100100010
01101010100011110000010010001010100001
01010111000110110111011110100100110101
01000111110101000011000100111101100111
01010001111111011001100010001010111010
01101010101100010101100001111010001110
01100111100110000010000101110001101111
01001110110001001010001011101010100011
01001101011010010111001011001110010101
01010111111000101100010101101101000001
01010110111001000110001111101101101110
01011111001110110010100110001100001111
01111000101100100110010110110101011101
01111000100111110001000111010100111010
01000001111011101010111111000100110110
01110011101100110111011101100110001000
01100111100111000111101110111011011100
01011010010011101011110010101111110011
01111100110001110010000111010011001101
01110110011110111100001001101011100010
01001010001111011111000011100001011110
01110011110001110111101100001010001100
01011110011000110101111011011100011101
01100010000110001100000000001111010011
01101111111100110110010100111110000111
01010001010011110100111001101101100100
01001010101110011110000000111101110011
01111000001001001001110001110101010111
01001101000000110010110100011100000100
01100101100100011001000111111011000110
01000000001101100111001000110101001001
01111001011010111011010000100111000000
01100101100000011011110101001001100110
01000011010111100100001111001010111110
01001010001011111000110111100000000111
01010111001101000010000010011010011000
01101011011000001100111010011111011111
01010000000111110111101110011001110110
01011010101111111000000000111110010111
01111101010110100101010101000010111001
01101110100000101110110110101011001100
01110010000000011001001100001111110010
01010110111000100100101000111010000011
01101001001011100010001001001010000100
01010111100101111010110001001010111100
01111101010101111001101110101011001111
01111111100000101010000101000101111000
01110111001100100110000010001100111111
01011100110100100011010000010101010000
01001011011010011011010011110110110000
01101110111111010101011010000110100011
01010101001111010111000011001001000010
01000110011011011010110010110101101010
01010111010111100111101101111010111110
01010011100101011111001100110001100101
01010000111100010101000001111100111110
01111001100101001101011101110100111001
01111001111001100011010001010110001000
01111111011110011001100001000000000111
01010100101111000100010011111100001110
01100011000010011000111001001010001010
01010011011011010010100100100001100101
01110010111110110100110001111000111010
01001111100000011111010111100000000010
01110110110001000001110000001000011100
01110100101101100100101001111001111111
01101011101011011110101011100011101011
01001101110001010111011110010011110010
01101100111101010101100100111100110111
01100010111101110100110100101010100101
01100110001000111100100001111101111101
01011111101111101111000110000000101011
01011101011000100010010010100010111101
01000100000001000110100001000110011001
01001011110101101001101010011110110011
01001011111011101100111100111100100000
01111110000011010000010000010110111000
01000000111111010010000011000100101101
01100011111110010011111001011110100111
01101000000101011011101110100101010110
01010000111011001110101111100111110111
01110011111001111011101110000011100100
01001000111010100011111100010111111011
01001010001110000010011100010101000101
01011100100101111101101111111110011101
01011010001111011100011000001101001100
01100010101011001001000010110000001100
01100000110010010011010010000111001001
01010001001000101101001000100000011011
01001101101111010100110100101001001111
01111001000010000010000000101000111111
01011010110111101100110010101011010100
01011001011101110001011011110110111111
01010110000000111010100011010001101010
01010011000101001000101101001100101010
01110111011111101110010010000001011100
01001110010101100101110010110000001110
01111111000100011010110110101010110001
01011001001010001011101010001000101101
01011110010101010111011101110000111100
01100000101100001111111111110101111111
01110000010001110000001011100100011001
01000001000001001110000110100000110011
01111101000101101011001001000100011101
01010000100100000111011101100010001000
01000010010101001111000011011010010011
01000010010100000001000101100100000011
01010100100110110101101110100101010000
01011000011111001111111001110010001100
01111000000110011111100100010100101101
01101001000101011100101101111100000000
01101111010100111001000111111011001110
01011010101010110101000100000100101110
01101000011001111001010000000011001101
01110011010110111110100101101001010000
01101110001110100100011111110100110010
01010100000010101011100100010001000100
01100100010111000100101101010000110100
01100101100110110000011011000001011011
01000011000001000001100000111010010011
01111010100101011010001010010111001000
01010000110111100001000011001100101000
01001010000000101110010100110111101000
01000100110001100100010001111010000011
01000111001111111101111000000111010001
01111100010110101001010101000001100010
01111110100001000010100100000001011000
01010100000000010000010111000101100110
01110010011010001110010010101000010111
01111110100011011110110010110101001110
01000001000110111110001010100011111101
01101111100011010011011011100000110001
01101101110110011010101101010010010101
01010101110011001111010001100111000011
01100101001100000010000011101000100110
01001111101100100110100000110100000111
01011100000011000010100110111100101000
01000101010011101100110010101001011001
01000010100010000011101001110010111010
01000001111110000101010111111010011011
01100110110001110100011100001110001110
01110110001111111011011100101010101100
01100111001100001011011111001111010001
01000100101000111001101101000000000010
01001101010101011001111110110110000111
01010110010110101011000100100111011100
01101101011111001111101110000110101101
01000111001010100110110111001111011011
01111110110001010011110001001100011101
01100100001100011011011111111011101101
01101111100100001010100011001101110001
01001010010010010011110110001000000111
01110010001000000011011101100111010110
01110010010011111011001000101110101101
01010010011110011111101101111110011010
01011001000110010000110001000111011111
01000111100100010010101110011111111100
01010110111111001110110011100011110101
01000111011100010001111100011100000101
01001001001001110000011000000010101001
01001111000010111011010111111011110001
01101110000101111100011001110101011010
01010001010100111111001001100101110011
01110101100011011111010000011011100011
01101110011100101101101110001000111000
01001101011101110001001110001110110010
01111001111111000011011100110011000000
01100011001001100011110110010011011010
01010110000110001010011111010101101010
01001110110011000111010000010110100011
01000001101110001101101010010011101101
01001011001011100001100100110000010110
01010111111110000101110111110011010010
01101010011101010001101100001100110011
01001111011011011101111001110110110011
01110001000111100000011010001000110100
01100111001011011110100100101111101101
01001110111011001011011101101011100111
01100101000101000001111010010000110101
01101110000100011111110010001000110100
01100110011100000001000000001011001011
01010111011001101101101010110100001000
01100000110011001110000010010000010000
01010101001110011000000000111111001011
01111000100000000011000011111010101010
01100101101110010010011111011110100010
01101000101111110101000100010010100010
01001110011001000010011101111110010100
01111011111100100110001100001011000100
01011111000011010110110011101011000111
01110111011000011010110010110001111100
01110010000101100001000001110011100101
01101110100100100100000101011001101110
01100101111000010000100000110000010100
01001100101111001011000111110101001101
01111010111010110001111111010100001000
01001100100000110001010000010111011111
01001001000001100100001000100011011110
01100100001011110000110101001110100101
01001110000000011001001101111011110001
01001011011001100110001100111111000101
01010110100111110010100011011000101100
01010000011010000011010110101011010100
01101000101110111100000101011001011111
01101000011100100110111011110000100000
01111000000010101001010011001111100101
01111110101111011010101010000010101001
01111000101011101010010010010010100000
01101000110011010110101100011011001110
01101011110000010110111010011110100101
01001001001010001110011100101111111011
01101000011100101111101000011111101011
01110011001111011011010011100001110011
01110001110110011110000001100000111110
01111100101111101000100100111110101011
01010101011010000000011100110110011011
01010110110110110100100011011100001011
01010100101110000001100010010000101111
01111100101101000001111111101011010100
01011101001000011110000111010000101011
01101100101010011010111001010011101110
01100000101000000100001000000110100001
01011110010000010111111110100000100001
01001001000110001110111111100100110010
01100011011100011100010011000001011010
01111011110000100111011001000110001110
01101101010011110000101110110111101110
01011010100000010111101010110101101010
01101101111100000100111101111000011101
01110001001001010111000000001101110110
01011111000111001001100000011000111000
01110100100000010000001100111011000100
01110111110110010101110010000010101111
01000110111010101111111010000001101110
01110111101010111011011011100001110101
01011101010101000010100110100110110000
01101101000101101110000001010011011001
01110100010000000100011111000100111111
01110011001010111000100100010101110110
01010001010111111001000000110001011011
01110101010011101001000001000101010000
01111011101001011011111101000001000001
01111010111100010010111001101101010110
01111001101100101001010100100111110110
01001111111111010010100110011100101000
01011101110111001011000110000110110100
01011011011111001010010101100111010111
01010010110001001011011000101001100001
01011011111001000100001101011110011111
01010010110111111001110100101001100001
01011100001101000010001001101100001110
01110000000011111010100010000010011010
01010101011010001000010010011010010000
01011110110010111110101000100100101010
01011010001001011001011001110011110010
01110010100000101011000001110001010010
01110110110011111110011011110110101110
01101001110100101000011010001100011111
01011101110010010101101001101010101011
01000000001011100110000101011100100100
01100111000011001011010110000010111100
01100110010101001010110101010100111100
01101111111001010000101010001100110110
01001001100101011111101111111100100100
01010110011101001010101011010000000011
01010010110011011011100100010010101100
01110011110110010000001001011001000001
01010000001001100010110010100100000110
01111001110111010010010100111100011111
01000000101000001010011101100111001101
01101001000001000101011001111001011111
01111111010100001100011101100011000110
01101110110001010100010000100010000111
01100010111110011001011111111111001000
01010011010110100011101110010111010011
01110110000001101010011100001001010011
01011010100011010100101111011010001100
01100101011001100011110011011110100000
01101010000001110101001000010010011010
01010010101111000100101001000101101100
01111100010000000000101101010110000110
01101000010110100010010011011001111011
01000011001110110111010000111011101000
01110101110111011011000001101000011001
01000011001100011011101101101001101111
01111001000101111001011110000001110010
01110010100100000011000000011010101100
01000011011011011001000101111010110111
01010000101001101110001100111110010110
01100000010101101101111110111101111100
01101110010100110001000111010000000110
01101011000001101000101100000001011111
01001100000100111101100110011011111001
01001111110001011000000101010101101011
01010010111111111110011111000101000010
01001111010001011100100110001100110000
01111011110000010000110000011010011110
01101111011001010010111011000111101000
01000100011110101110010010100010110101
01100011010101100001010011100110000000
01001011111111110111000001000010011110
01001110001011011011110101000101101100
01101110010111101101001011100010010101
01000011100010110111001001010100000101
01000001001010111101000011001010110100
01100011001111111111011010011001010111
01001111000000101001000100110101001101
01001101110010111111000010111101011100
01111111110001001000101010111001010001
01100101101010100001010110000000010001
01111100110110001011001001100110000010
01001110110110000100011010010010000110
01001011011001101000011011001110110000
01101010000101100001111001010110111010
01010100010000111101000010101010010000
01000000001011110011000101100101001000
01010111100101000010111001100000001000
01111101100111100001011000000010001101
01110101011100001101100001011001110100
01010000000110110111010110110100011011
01011001010001100100011001000001100101
01000011101101100001001000000011111010
01101011011011111100100101000001011110
01011101010000010011111111000111101111
01000001100101011100000010000111011001
01111001110000110111110101101011000100
01101100011010000000111010110111001111
01111000100100111001010111011101000100
01110000000000111100101010110010000100
01110111100110100111100101110100011010
01100110110101010100011011111010110100
01101011100110011100111011000000010110
01010001000000011011111111101010001000
01110110011110001011111010110011000111
01110110110110011110101010110101001010
01001111110001000101110101001100110100
01011010110100011101001101110100101100
01101111100010111001110001001010000011
01101000011111000101011110110111111011
01110011011000101000011011100001110101
01001001000100111010110111010100010111
01111101110010111100011100101000111001
01110011000101100110110010001101010010
01110000101110101100000110110111101001
01011100010110010001110111000100110000
01100101000000010001011000011001110100
01000010010010111110101001110101101100
01011011010000010110100100011011010010
01111111110111001011001100101100111011
01100101001001101001011100101100001011
01001101011101000001011101001111011101
01010100111111010101101010111000101001
01010101010101011101010101111011000011
01000010110100001001111100000100000011
01000010011001110000110101101100001010
01110010111110001001111111111000110111
01100010010100010101000000011000010000
01001101101101001100111110111001000110
01110000111101110000001001100111100001
01000110101100110110000001010010100111
01101100111100110110010001111111101011
01001111100010001001011110000000110000
01000000000010110001011111100111111011
01001000011000101010000001110010110110
01101101100001000010001011000010010000
01110111111110111000100010011011010101
01010101011101111110110011100111010001
01000110000101011000110011110101001111
01111101101001000101011101011100011011
01100000100010101010111001010111101111
01100001001000001100011000010101100100
01000001001011010101100111101111101000
01100000101011101101011101011011001000
01000000110100011101011110011011001001
01010101100100001100001101001011110001
01101111110110110101001100000000110101
01011000001111011100000000001111010101
01101010111111111111111000110100000100
01101010101010000100011000010000000001
01001000000000101000001001111110110010
01101101011101101011000111101110000111
01010110001110010101000111011000100011
01011100111100100101001101100101001001
01010010001011111001011011110010001000
01100001110000100101010000000000010110
01001101101111011101101101111100101011
01011100110000110001110000110010111111
01100100111011100110101101110001001011
01110011000011101011110011111100011110
01010001111011110011101011000011011101
01010001110111000101011010010100011011
01101010111111110001101111110011001100
01100011000010000111000101000010010010
01110001001110010101011011110101111011
01101110111000111010101101111010110001
01011111100010000000110011100100100011
01110011001001110101011101111111110111
01011111101111100010000101010001000110
01100000110111111111110100100110100000
01011001100011001001111100101001001001
01111111111001110001001101101001110111
01001101110110010110001101011000000100
01011000011100110000010110111101100000
01011100011001100110101010100101000110
01111001011000010001011011111101100100
01001011011111010001110111001011100001
01000110001001011000100010000000100110
01110100001100100001001000010010001011
01001010010010011111111010000100110011
01010011110011100000000100111110001101
01010111010110101111100111111100011001
01000011001110010001011101100110011010
01111110111001101011010001100001010101
01001101111000101101011011101011111011
01101001111011011100110010111110010110
01000111110000010111110000101100001000
01111111011000111001010100100000011110
01110010000000101111110010000011000001
01111110100000111110000000100111000111
01101001011110110010001010110101001001
01100011100101001110101100000100000001
01011010010101010100100111111111011000
01001011010010000001110011011111111000
01100101101101001000101011100000110100
01010101101001000101000100110000000100
01011111011000010000010010101111110001
01000110111111011000010101010000101110
01011100101001010100010110110001000101
01111110011101110100111101100100011000
01011100011111100000111101110011010000
01001110001001100010111110001001000011
01010110000000111010110000000001110100
01010011000111001001101100101111110000
01100101101000110011001110110110100010
01100101110101001101010001001000111101
01011111011011110111011111100001000111
01001100111100001110001111011001001111
01100000000101101010111101001111001001
01000010100010101011011100000000100101
01110001011111110011111110010001000000
01101011100011101010011100000000110011
01110011101000110000000000011000011010
01110011000010010000000110011111000001
01100111110100001000001110010000010011
01101101001101101011000000000001011111
01011101111011111011010010110101000000
01111110011110011000110100011011000111
01110001011111100111010111011001110011
01110001100011111100000100000101011001
01111111100011011010110100001101101010
01101000110011000011001010100011100000
01011001101011111010011010000001010010
01111010101001110011010010101001010111
01111111000000101111001101010001100010
01010011001000101011100101001100101110
01010010000100110100010101111000010111
01110010000010001111010111000011100101
01001001011000101011111110010001001100
01011111001100010101100011111000011100
01000101000001111010101010011111110010
01110110000001010001000101011010001100
01100101110110011001000110110000001011
01100011010100001110101100000101000101
01001101101010000000000010110100111001
01111001001001001000000110101001111111
01011110110011101110101111001110010011
01001000110001100011111011110111011100
01011000010011100011101010110110111011
01010011100011101000101110101001010010
01010011100010000111001100001110111110
01101100100011111111110001010011001111
01101100000111100101000001111000101011
01001010100010111111100001111010100100
01100000011101111100011111001011011111
01110011100110101010111000001110100111
01001110100110101011110001110111011101
01101010001110101101011000101110010111
01011100110001110011011001000011110000
01110110011111000100000001111111001000
01001011111111111101010111110010010010
01101010100010101110001000010111100001
01110111101011111000101110000010001010
01100101010100111000001010010111101111
01011111100010110001000001110011111000
01100101111011111011101100101000000010
01010111001100101011001100100111010001
01100010100000100101111110011111001011
01101100110000110001110001001110000010
01010010100100011001100011101100001000
01010001100000010000110000000000010110
01001011111111100100101101010000000101
01110011101101110010011011011110001100
01011001110101000101111000000010001101
01010110010101010100100100110000111000
01001110001011010000001000001001001011
01011110111100100110110010101000100011
01101011011000110111001101101101111001
01100010101110010000100111000100011000
01010101101101001011111000011111100110
01111001101110001100111100000110101001
01000111011100101011111101101000000001
01100010010111101001111100100100010010
01001110001111100010000110111011001110
01111010100000010100111111011100101000
01000101100110111101000111101011111101
01010011000010110101010101110001010011
01100001011101011001110000101101111111
01000110111000111111101101011100000001
01011011000110100010011101100000111010
01110001011001100011001000001100101101
01001101011100000101101011001111111000
01111001001011111010000111100001010010
01110101010000000111000110010011011001
01100000010000100111011010111011110010
01011111100101101000010001110111000111
01100110000100011011101000100011101111
01101110111110010110000000000110010001
01001110111110011011011111110110010101
01011110011110000011100110111010111000
01001111001000110101110111110011101011
01111011000000111001110001111011110010
01100100100100010010101110001011001101
01111101001000001110110111000110001000
01100001101010001010010001010110100010
01100001001101100001100101111110100100
01000011111110000000110111100000001100
01011110111001010001000000000111010111
01001101010011011011001011110011110000
01101001100000100011101000101101001101
01010110101100000101111011111001010001
01011100100000111000111100001101000000
01010010000100001111111001110110111011
01011000000001110101010011000001110010
01001001110000110111001000111110100000
01100000011001101101110001011100110110
01001101001111000000001111111100100001
01101000100110110100001111010010110010
01011000001111111011110111110010001101
01111000010111000001010010000110111011
01110111010000101001011000011001110001
01101101111111010111100100011011011101
01001110010101011001101010011100100011
01010000001110100001000000010011111101
01100011001101010110111010101011001001
01111000101110111010000011111111000100
01111010001110111110011100100110011110
01101110111001010100110111110100110001
01000001110100100111010100111100000100
01011000010001110100110100100111110111
01100101000110111101111001110100010100
01010000011111000100011110111100101001
01000111010010010101110101101000100110
01111110110100000110000100110001010101
01000011001010110100001001001011011011
01101000011011011111111001100100000100
01110011100111001001101111111100011010
01100110000101011100101011010111001011
01001111000110100010111111011111001110
01010000110111101110011100010101010010
01001100010101100001100100101101011101
01001001010000110100010111010000100010
01010010011001101100001001000101100101
01100011001111100000110101011010000011
01111101011011100100000011011010011101
01000111100110000001100000101001001000
01010000000000010000011111011001000101
01101100101111110010111111001111001110
01100111001110101011001110110001001110
01010101110101001110101110010101110101
01100110010000010001001011100111001110
01101001000000000101011110011100100000
01101101100110000111110001111111001111
01000011111100011001110001101010000001
01110100100110001111000011011110001110
01110101100011001000101110101010001101
01010001101101110101111000101011000000
01100110000010010110000110010010100111
01000001000000000111110111100001101100
01100110110001110000100100110010001110
01111010101000000010101110010100101000
01010011011000011100001010000110111011
01110010011110110110100111111010100001
01001000011000010100011100010010100000
01000100010000000100101101111001001001
01100100111101101111010110011101011101
01110011101010111000000110001111100111
01000111001101010001011100011010010011
01110000001000101111111000001100011000
01100001011101100000010100000110100000
01111000110010011111110101101101110111
01110110111100001010110000001010101010
01000110000100101101101010100001100101
01101010010100001000010101011001011111
01110100010111110100011011111110000000
01001110000010101001010101100100010101
01001000010000100110101101100110010111
01100000010001110000110001001110010010
01111100111110101100010100001000111011
01000011000110111011011110101010010011
01011010000001100111100011110110111010
01101101010001110101010101111000110000
01100100110110011001111001110110000000
01011000000100110000111100100100111011
01101111101101110000011101110100010001
01110010100110010100000110111111010011
01110101100111001010001111010001010001
01111111011110110101000000101001111010
01111010001011111011010010100001000101
01110011111010011010010011101011110110
01111010011011000101001101010111100000
01001101011001001111011000010010010011
01110000100111000101100110111010100100
01100111011010100001011110001011001010
01110101111111111010011110111010100110
01001101110011010111000101110101100100
01011010011010010001010011101111110001
01001000001111010011100101011101001101
01110001100001101111111001111000101101
01001001111110000100011010000100000110
01000011001011100001001011110101001001
01111010100110010101110100001101010110
01000011111111100110011101011100101110
01100011101100101011010101111010100100
01010100110001101011101010100110111001
01010110000101110001011000001101000011
01101110101101000101101011111101011100
01111101000110001100010100001101011101
01010001100010010000011101100011100100
01110111100100011100010010110100110101
01001010111001001110101100111110110001
01011111100011001011001100111111100010
01100101011010110000001011101000001011
01100001010001101000101001101001111011
01110010101011001111101001110011110010
01000101100001011111110110111110110010
01100100001101010101110011001000000010
01101011100110100101101000000001011101
01011010100110000100100100110000111010
01000010010011001000111111110010100100
01111010101001010101110100110000001101
01011111001011101001010010010010111001
01101000011111010010001100111111001111
01111000100001001111010101100011000110
01100100100000001011001010110101110110
01101101101010111010001111000011101010
01110011010111101010110001111111100101
01100100110001110110111000110100111111
01100100010111100100101010001100010111
01110101101110000101110100111000110110
01100011010010001010011111000011001111
01010001100001000111011111001010110100
01110110000111001010110011101101110101
01101111001100011011001111000010101110
01000110111001101111011111101011111100
01010100010001110001111101010101100100
01100100011001111101000010111001001010
01101001001111010011010111011000010111
01111000101100111100010110011000110010
01011101010111010011010110110111000111
01010111011010111100111111111100000111
01010111100010111000111011110101011000
01101100111000111000010000101000110000
01010010001111010010000010001001000000
01000001100001000101101101011110100100
01110110101111000110001111101011000100
01110001001011011000100001100110111111
01011010101001011011100111110000111011
01001101100001011010101010001110010110
01000000101000101000000111101110100100
01101101111001001101011110100101011101
01001001111101001100110010110000100001
01100110010100110011000000100101001010
01011111100100010011001101001110110001
01101110101000111001101110100100010000
01000100111011101110110100011010010000
01111000010100001011110001000010000100
01101000000101011101001110110111101101
01101110001111010001000111010100111000
01000001101101011101000010101011011111
01010100111001101111101000100111000011
01100010000101011001010001011011101110
01111001110110010000001101001010011110
01001110101101001100000001010001010101
01111010010100111111110111110100011000
01001010111000111011100111110010110000
01011111101100010001110000011111100011
01110000000000100000001110100100101101
01111111011011010101110010000111000101
01000001100111100101101010111101011111
01001100010001011111000111000111011101
01100110010001100111011000100110001100
01101101110111011001010001110000010111
01000011011111000001010010011000110011
01111000110011110110111000111110110010
01011111000010001001011110101101000111
01011100100000000111111101001001100010
01001011010001110001101101010011110011
01100100101100000011110110101101001011
01001100100001100111100110010110010010
01001001111111001011110100111010011111
01101010110100011000001000001100110011
01010000001000010110110010001001100100
01010110111100110011011011101111110111
01100100111110001100010100111100111101
01000110000110001011000000011100000101
01101111111000101101110000011001011100
01010110000111000000011111010110011010
01010001101100001100100101000101000000
01000110111011101111011011011010110111
01001110000111111010011100110101101010
01010011100000001101010011101001100101
01111100100100000101011111001101010000
01001011111101000101000110001001101000
01110000101111011001001111101001111111
01100011111101000101011111000111111110
01011101100110011100001000111001000100
01110101100010010110001101000010001011
01101100111000000000100111110001110010
01001100110110101100111101011000100001
01010111101001011001100010001101010001
01110000001101001000110001100100111111
01110000100011100100010000011000110110
01001010100110101101111011101100101000
01000011011100101000110000100001011010
01101110100000000000110111010111011101
01111110010010000101001000101111010101
01100100010000101001111000001000010011
01010110100010101000100010010111000011
01001010000111101000011001101100000001
01000111011111010100010110110010100110
01011100101101001000111111011000011101
01110110010110100101000101110000100111
01110011000010010000111110010001100101
01000011011011111000001000110000110111
01100000111001100010000000001111001101
01101001111100001011011001111000110010
01100100100001001101010010011010011001
01011101001110101101000101000110010100
01010101111111011001100011010001000000
01010101100000001000100110011001100111
01001010010110000011001101011100001100
01111100100001111000111000100011010100
01101101010001010100110011110101111001
01000000100100111110101111010110010101
01111111101000011100011001010100010111
01101011010111010100001111111110000001
01101000101111100111001100100000100000
01010000110101111001000000010000101101
01101111000001101101000010101011011101
01011110000101001000110000101111010101
01100010110000110110100011010011001001
01010000011000001000100011111010111011
01010001001111000001110001010011100000
01101000100101010010100101011111100000
01000110001000100110000011100110110100
01100010100110010011111100000010011010
01100101100100011011011011100001010010
01100100101000011111001001001000010010
01001111010100010111111010011010111010
01111001010000111111110000111010001100
01001111101010100010001100000111111000
01011100111110110010010101000101000110
01110001001000011001101010110100001001
01111010001101101000010100100001100101
01111000110000001011100100000011000100
01110110110000010001011110010010001000
01011101100101000111111110100000010000
01110000110100001111111011000000011010
01001111101011110011011001101010011100
01110000111100101001010101100001110110
01110000010000100110000110001011110110
01100100110111111000000010101110100110
01100101010011001100110001011110101101
01000100010100011011010101000110000011
01010000001110011100000011011100001010
01010111110001011011000110011110111000
01110010101001101000001110111111100101
01011100010110100010011100010011010100
01110001001101110000011010111010001001
01011100011011010010011010011101000010
01001100011111110011110000110010010000
01001010100111001001110111100100001100
01011000100010001011011001101000001100
01110101101101000110001101101101110110
01100011111100000100011101010011100101
01001011010100101010111000110101111010
01110100101100100000111111000101011011
01001110000010001110000110010111101011
01011010010000010101101100010010101001
01110111110100100010001101111011100001
01111111101101001111000111100100111000
01110110011100011000110111100101110001
01000111010110110101001111000001011001
01100110001001101010111101000001101111
01111011000101011111011111001101010000
01100111110001111000101111000000010110
01001000011111101010110000000111111001
01000111001111000000111100010110000011
01101010111001010100001011011010100000
01101001100000000001100001011110100000
01000000100100110110101011001000000110
01100011000100110111001101110101111010
01101111100111011110101101010110100001
01111111110011000110011101111101011110
01001100010001010000110000001110100011
01110100101101010000000110000001110110
01001111111111011010010010110001001100
01110001101010011000011010100010101100
01010111111011100000000101110100110101
01101000110101101111111101110101111011
01001101011111000110101101011110111001
01100011101110101001000101110011101001
01101110111011111101000101001100010101
01000100001110100110110000010000000011
01011010000011000111110100001000110011
01111110111100001011111000011000111000
01111010010101111011010100111000011010
01010000111000101001011001000101000000
01000100100000000100000001101100100110
01100000001011010110000110110101001001
01100011111100101100111110010110100101
01001111010100101110101111101110100011
01110101101110100110000110100101101111
01011100010001001101111110000111100010
01110100101011100111101111001110100110
01000110000010000111000111001000001010
01010110110110010011111011111010001011
01000111111100011100111010110011101010
01100010011101110001110110110011101110
01111011001011000011000011100011000101
01100011111110001100000001111001110111
01000111001110110100011110011001111101
01101010001011111000011010111001110001
01000011101001110010001101101101011010
01000111000101111001111000111110110001
01111100011111001011000110111110101011
01010101101000101010001100110011100110
01001001000101000110011010010000110011
01111111111100101011010110101100000111
01000110001100011000111001111101011001
01001100101011100000111100001101010000
01000101011010011000000111000000000111
01010010011111111000110110100011110111
01111010100000111101001000011001000101
01100100010110010110111100000010000001
01000011100110011101101100001001111010
01100000001111111001100010101001001101
01101011100010101100010111011001111110
01001000000110111010111010111001001100
01100101111010001001010110000010010000
01100001010010110101111111110110000011
01110111000010101110001000001100011011
01111111101111111111101011011010101010
01100110011101111000001100110001011001
01000000111011010100110110011100000000
01011011110101010000001101100010010011
01111101001101100000010011001000011100
01010101111111111110100000001010001011
01100111001100010011111011011100011000
01011101100011100000111001111011010101
01001000110011010110101001110001111011
01110111010000110011110010101001110111
01010100110111010011101000111100000010
01101100001110000000001111000001010100
01110101101000000001101100101110101111
01111010010010010100110101110011100001
01011110111010001110001000010001000111
01111110110000010011010100001010101010
01000110111111000110110011100011110101
01110110010001100101111100010000110001
01000011101111001111000000001000100001
01111001101011111111101101101101110010
01100110001101011001111111000101100011
01011101001101101010010000000001100010
01001111001110110110010010000010110001
01100101110111011010111100111111101111
01011000101010100010011100010100101001
01000101111110111000001100110011111101
01011110000110111101110111010100111000
01001000111000111111010010001100000110
01100000010001100101101111110101011001
01000000110000100111001011111011101100
01101100110101111010110011111100100010
01011000111010111111010000010010001101
01101000111001110110011010010101101001
01011001110111110011000111001101011111
01100111100100100111010100111000110111
01101111100101101101110111100011101101
01011011000110001110010011000110001000
01100111100011010011010011011110010000
01000001110011111110111011010110110111
01010011101000010011100111101010111110
01001111010011101110010111000111010111
01010010100110111010110001100111010111
01111100110011010010101000100011100100
01110101000011100000000000010000100110
01000101010010000100100110000010010000
01010011001110100111011010010000101101
01001010010001001110010000010000100000
01001011110001100100111111100100101000
01011001110100011100110100100000000100
