0111110010001011000010101001111010101100110
0101000000111101101011011000100010110111100
0101000010100011000100001111000001101110100
0101011010010001111101110001101101000001000
0111000000011101110100110010001100010010010
0100011100001101110101001101010110111001001
0110011110100111101000101001111111110001111
0110011000111100101110000100111001000110101
0111011000100001010000010111001010111011011
0101011111110111011001000111101010111001000
0101011100110111000000101110100110011001010
0100110000001000100001100010000100111111110
0101011011000000100101100001010110111010111
0111110011000101111010011111110001000001001
0101110001111100001100000000000011010011110
0100010001101101111110100010100000001010000
0111110000101001110111111110010011100001001
0110001100011110011111101111001010010100100
0100100010111100010000000101000000011110101
0100100011011000010101101110001111110111000
0110001000011010011010101000011000000101100
0111111101000011101011011101110011111001100
0110101110000001011111010100111110011100111
0101111000110010011001111000100010101000001
0100101001110001000000001001101111100010101
0100110110010001010001010011110100111110011
0101110010000011100100111101011101001000111
0111000011011100010101101110011100001000011
0110110111101110010001011100100011100111111
0100001011001100100100011111000110010111000
0111001000001100010010110011011010110010111
0100100000101001111001111011100010000001011
0111010101000111000011111100110000101001101
0111001110001111110001100110101101001010010
0111000111100101011100111111111000101010110
0110001110001110001010011001100001110001001
0110010010110100100000001101011010010101110
0100000000110100100010101100111011110100111
0110011011101110111001100101100000001101011
0111010101100101100000000001010101001111001
0100001001011111111011001010110101101101010
0100011111001011000101111000000100100011111
0100010011110000101100110010100110110101010
0101010001101001110111010111111010001001011
0111000101001101100011111101011110110101101
0101110100110001111011110001010001010010101
0110101100011110100011001001110101100110111
0100000010101111000111100101000111011000010
0111101000111101011001011101111111011110101
0101111110100011001110100001100110010001011
0101011001100000011010100000010100000000111
0111111101001001010111100100101110011001101
0101101001010010011000001111100111011011110
0111011110010001010001010100011010110111110
0111101000010111111001011110001100110000001
0100111010100011110101100101101100111110101
0110001000000101110011011100011100100101111
0110101101001110111000001100110001000010110
0110111000000001101001100100001110100010011
0110101111010011011000111010110001010111110
0111111001111001100010101000101001100000011
0111000001100010000010100100110101001111000
0100101101110111011100110011101101000110001
0110000011010100011111101100110101110111011
0110111010101011010111011110001110101010000
0100111010000111001010010000111011010111011
0100100111001101101011001101011011001111011
0110101110100101011101010011101010000010000
0100010101100100010000101101001111110110000
0101011111110101010001110111001000011100101
0111011110001100110101101010111111010001001
0110101000011100011000110010000110100000010
0110010100001111110101100100000101111101000
0110111010001001001100111000100100111010100
0100011000001110001000000110011010111010010
0111011001011110010011110100000011111011110
0100101101010111110010111001110000110000100
0111111111010100111111110010111111110001100
0110011100011100001100111011000001000010010
0100000011010110000011001011110010010001000
0100110011101100011010110111101111100000110
0101001001101100011100000000101011110110010
0110010001011010111101011010110010001100001
0101000111100010011100100111110100000011001
0101101010011000011111011010000000110011101
0100110000010110110111110011000010001110111
0110011101010111001101011100001100100100001
0100010101110011111110111010010001010101010
0100111100000100100010101000010101110001101
0110111011110100100110101000111110101000011
0100010011110110011101000111111101100110001
0100010101110101010101011000101011000011110
0110001110100111100110000010000101110001101
0111100111011000100101000101110101010001100
0111010110100101110010110011100101010101111
0111000101100010101101101000001010110111001
0100011000111110110110111001111100111011001
0101001100011000011111110001011001001100101
0110110101011101111000100111110001000111010
0110011101000000111101110101011111100010011
0101101100111011001101110111011001100010001
0100111100111000111101110111011011100011010
0101001110101111001010111111001111110011000
0111100100001110100110011011101100111101111
0100001001101011100010001010001111011111000
0101110000101111011001111000111011110110000
0110100011000111100110001101011110110111000
0111101100010000110001100000000001111010011
0110111111110011011001010011111000011101000
0110100111101001110011011011001000010101011
0110011110000000111101110011111000001001001
0100111000111010101011100110100000011001011
0101000111000001001001011001000110010001111
0111011000110000000001101100111001000110101
0100100111100101101011101101000010011100000
0101001011000000110111101010010011001100000
0111010111100100001111001010111110001010001
0101111100011011110000000011101011100110100
0100100000100110100110001010110110000011001
0111010011111011111010000000111110111101110
0101100111011001101010111111100000000011111
0100101111111010101101001010101010000101110
0101101110100000101110110110101011001100110
0101000000001100100110000111111001001011011
0110001001001010001110100000111010010010111
0100010001001001010000100010111100101111010
0111000100101011110011110101010111100110111
0101010110011111111111000001010100001010001
0101111000110111001100100110000010001100111
0111101110011010010001101000001010101000000
0110110110100110110100111101101100001011101
0111111010101011010000110100011010101001111
0101011100001100100100001000011001101101101
0101100101101011010100101110101111001111011
0101111010111110010011100101011111001100110
0100110010101000011110001010100000111110011
0111101110011001010011010111011101001110011
0111001111001100011010001010110001000111111
0101111001100110000100000000011101010010111
0110001000100111111000011101000110000100110
0100111001001010001010010011011011010010100
0110010000110010111001011111011010011000111
0110001110100011111000000111110101111000000
0100010110110110001000001110000001000011100
0111010010110110010010100111100111111110101
0111010110111101010111000111010110011011100
0101010111011110010011110010101100111101010
0110110010011110011011110001011110111010011
0101001010101001011001100010001111001000011
0111101111101011111101111101111000110000000
0110101101110101100010001001001010001011110
0110001000000010001101000010001100110010010
0111110101101001101010011110110011001011111
0101110110011110011110010000011111000001101
0100000100000101101110000000001111110100100
0100011000100101101100011111110010011111001
0101111010011110100000010101101110111010010
0110101100100001110110011101011111001111101
0111110011111001111011101110000011100100001
0100011101010001111110001011111101100101000
0111100000100111000101010001010111001001011
0111101101111111110011101011010001111011100
0101100000110100110010001010101100100100001
0101100000011001000001100100100110100100001
0111001001010001001000101101001000100000011
0101100110110111101010011010010100100111111
0110010000100000100000001010001111110110101
0110111101100110010101011010100011001011101
0111000101101111011011111101011000000011101
0101000110100011010100100110001010010001011
0101001100101010110111011111101110010010000
0100101110000111001010110010111001011000000
0111101111110001000110101101101010101100010
0111001001010001011101010001000101101011110
0101010101011101110111000011110010000010110
0100011111111111101011111111100000100011100
0100001011100100011001000001000001001110000
0111010000011001111110100010110101100100100
0101000111010100001001000001110111011000100
0101000000010010101001111000011011010010011
0100001001010000000100010110010000001101010
0101001101101011011101001010100000110000111
0111001111111001110010001100111000000110011
0111110010001010010110110100100010101110010
0111011111000000001011110101001110010001111
0111011001110011010101010110101000100000100
0110111010100001100111100101000000001100110
0111100110101101111101001011010010100001011
0110001110100100011111110100110010010100000
0101010101110010001000100010010010001011100
0101001011010100001101001001011001101100000
0111011000001011011000011000001000001100000
0111101001001111101010010101101000101001011
0110010000100001101111000010000110011001010
0100001010000000101110010100110111101000000
0110011000110010001000111101000001100011100
0111111111011110000001110100011111000101101
0101001010101000001100010111110100001000010
0110010000000101100001010000000001000001011
0110001011001101100100110100011100100101010
0100010111111110100011011110110010110101001
0111000000100011011111000101010001111110110
0111111000110100110110111000001100011011011
0110110011010101101010010010101010101110011
0100111101000110011100001110010100110000001
0100000111010001001100011111011001001101000
0100110100000111011100000011000010100110111
0110010100000010101001110110011001010100101
0110010000101000100000111010011100101110100
0100001111110000101010111111010011011100110
0111000111010001110000111000111011011000111
0111110110111001010101011001001110011000010
0111011111001111010001000100101000111001101
0110100000000001000110101010101100111111011
0101100001110101100101101010110001001001110
0111100101101011111001111101110000110101101
0100011100101010011011011100111101101111111
0101100010100111100010011000111011001000011
0100011011011111111011101101101111100100001
0101010001100110111000100101001001001001111
0101100010000001111100100010000000110111011
0100111010110110010010011111011001000101110
0110110101001001111001111110110111111001101
0100110010001100100001100010001110111110001
0111100100010010101110011111111100010110111
0111100111011001110001111010100011101110001
0100011111000111000001010010010010011100000
0111000000010101001001111000010111011010111
0111101111000110111000010111110001100111010
0110110100100010101001111110010011001011100
0111110101100011011111010000011011100011101
0111001110010110110111000100011100000110101
0111011100010011100011101100101110011111110
0100011011100110011000000100011001001100011
0111011001001101101001011000011000101001111
0110101011010100011101100110001110100000101
0110100011000001101110001101101010010011101
0110100101100101110000110010011000001011001
0101111111100001011101111100110100101010100
0111101010001101100001100110011001111011011
0101110111100111011011001111000100011110000
0100110100010001101001001110010110111101001
0100101111101101001110111011001011011101101
0101110011110010100010100000111101001000011
0101011011100001000111111100100010001101001
0100110011100000001000000001011001011010111
0101100110110110101011010000100010000011001
0110011100000100100000100000101010011100110
0100000000111111001011111000100000000011000
0101111101010101010010110111001001001111101
0111101000101010001011111101010001000100101
0100010001110011001000010011101111110010100
0111101111110010011000110000101100010001111
0110000110101101100111010110001111101110110
0100011010110010110001111100110010000101100
0100100000111001110010110111010010010010000
0101010110011011101001011110000100001000001
0110000010100001100101111001011000111110101
0100110111101011101011000111111101010000100
0100011001000001100010100000101110111110010
0101000001100100001000100011011110100100001
0101111000011010100111010010100111000000001
0110010011011110111100010010110110011001100
0101100111111000101010110100111110010100011
0101100010110001000001101000001101011010101
0110101001010001011101111000001010110010111
0111101000011100100110111011110000100000111
0100000001010100101001100111110010111111010
0111110110101010100000101010011110001010111
0101010010010010010100000101000110011010110
0110110001101100111010101111000001011011101
0100111101001010010010010100011100111001011
0111111011101000011100101111101000011111101
0101111001100111101101101001110000111001111
0100011101100111100000011000001111101111001
0101111101000100100111110101011010101011010
0100000001110011011001101101011011011011010
0101000110111000010110101001011100000011000
0110010000101111111100101101000001111111101
0101101010001110100100001111000011101000010
0110111011001010100110101110010100111011101
0100000101000000100001000000110100001011110
0101000001011111111010000010000100100100011
0100011101111111001001100101000110111000111
0100010011000001011010111011110000100111011
0100100011000111010110101001111000010111011
0101111011100110101000000101111010101101011
0101010101101111100000100111101111000011101
0111000100100101011100000000110111011001111
0110001110010011000000110001110001101001000
0100010000001100111011000100110111110110010
0110111001000001010111100011011101010111111
0110100000011011101101111010101110110110111
0100001110101011101010101000010100110100110
0111000010110100010110111000000101001101100
0111101000100000001000111110001001111111100
0111001010111000100100010101110110010001010
0111111100100000011000101101111010101001110
0110010000010001010100001110111010010110111
0111101000001000001111010111100010010111001
0110110101011011100110110010100101010010011
0111101100011111111110100101001100111001010
0100011101110111001011000110000110110100011
0101101111100101001010110011101011101001011
0100010010110110001010011000010110111110010
0100100001101011110011111010010110111111001
0111010010100110000101110000110100001000100
0111011000011101100000000111110101000100000
0110011010010101011010001000010010011010010
0100001111011001011111010100010010010101001
0110100010010110010110011100111100101100101
0100000101011000001110001010010110110110011
0111111001101111011010111010100111010010100
0100110100011000111110111011100100101011010
0101101010101011000000001011100110000101011
0110010010010011100001100101101011000001011
0111001001100101010010101101010101001111001
0101111111001010000101010001100110110001001
0110010101111110111111110010010001011001110
0110010101010110100000000110100101100110110
0111100100010010101100110011110110010000001
0100101100100000101000000100110001011001010
0101000001101110011101110100100101001111000
0111111000000101000001010011101100111001101
0110100100000100010101100111100101111111111
0110101000011000111011000110001101011101100
0101010100010000100010000111100010111110011
0100101111111111100100001001101011010001110
0111100101110100111101100000011010100111000
0101001010011011010100011010100101111011010
0100110010010101100110001111001101111010000
0101010100000011101010010000100100110100100
0110101111000100101001000101101100111100010
0100000000010110101011000011010100001011010
0100100100110110011110110000110011101101110
0110000111011101000110101110111011011000001
0110100001100100001100110001101110110110100
0111011111110010001011110010111100000011100
0110110010100100000011000000011010101100000
0101101101101100100010111101011011101000010
0110011011100011001111100101101000000101011
0101101111110111101111100101110010100110001
0100011101000000011010101100000110100010110
0100000010111110011000001001111011001100110
0111111001001111110001011000000101010101101
0101101001011111111111001111100010100001000
0111110100010111001001100011001100001110111
0110000010000110000011010011110101111011001
0101001011101100011110100000010001111010111
0100100101000101101011000110101011000010100
0111100110000000001011111111110111000001000
0101001111000111000101101101111010100010110
0111001011100101111011010010111000100101010
0100011100010110111001001010100000101000001
0100101011110100001100101011010010001100111
0111111110110100110010101110011110000001010
0101000100110101001101001101110010111111000
0101011110101110011111111000100100010101011
0110010100011001011010101000010101100000000
0110001111100110110001011001001100110000010
0100111011011000010001101001001000011000101
0110110011010000110110011101100001010100001
0101100001111001010110111010010100010000111
0110100001010101001000000000000101111001100
0101011001010010000101111001010000101110011
0100000001000111101100111100001011000000010
0100110111010101110000110110000101100111010
0100100000001101101110101101101000110110110
0101010001100100011001000001100101000011101
0110110000100100000001111101010101101101111
0111001001010000010111100111010100000100111
0111111000111101111000001100101011100000010
0100011101100111100111000011011111010110101
0110001001011000110100000001110101101110011
0111111000100100111001010111011101000100110
0100000000011110010101011001000010011011110
0101101001111001011101000110101001101101010
0110100011011111010110100101011100110011100
0111101100000001011001000100000001101111111
0111010100010001101100111100010111110101100
0111000111110110110110011110101010110101001
0101000111111000100010111010100110011010001
0110101101000111010011011101001011001011111
0100010111001110001001010000011101000011111
0100010101111011011111101111001101100010100
0100110111000011101010010010001001110101101
0111010100010111111101110010111100011100101
0100011100111001100010110011011001000110101
0100101100001011101011000001101101111010010
0111100010110010001110111000100110000100101
0100000001000101100001100111010000001001001
0101111101010011101011011000110110100000101
0110100100011011010010111111110111001011001
0110010110011101110010100100110100101110010
0111000010110011010111010000010111010011110
0111101010100111111010101101010111000101001
0101010101010101110101010111101100001100001
0101101000010011111000001000000110000100110
0101110000110101101100001010110010111110001
0100111111111100011011110001001010001010100
0100000110000100000011011011010011001111101
0111001000110110000111101110000001001100111
0110000100011010110011011000000101001010011
0111011001111001101100100011111111010110011
0111100010001001011110000000110000000000000
0101011000101111110011111101100100001100010
0110100000011100101101101011011000010000100
0101011000010010000110111111110111000100010
0101101101010101010101110111111011001110011
0110100010001100001010110001100111101010011
0111111101101001000101011101011100011011100
0100010001010101011100101011110111110000100
0110000011000110000101011001000000010010110
0110101100111101111101000100000101011101101
0101110101101100100000000011010001110101111
0100110110010010101011001000011000011010010
0111110001101111110110110101001100000000110
0110101100000111101110000000000111101010110
0110101111111111111110001101000001001010101
0101010000100011000010000000001001000000000
0110100000100111111011001010110101110110101
0110001111011100001110101100011100101010001
0111011000100011011100111100100101001101100
0110100100101001000101111100101101111001000
0110001000011100001001010100000000000101100
0101101101111011101101101111100101011011100
0111000011000111000011001011111110010011101
0111001101011011100010010111100110000111010
0111110011111100011110010001111011110011101
0101100001101110101000111011100010101101001
0101000110111010101111111100011011111100110
0101100100011000010000111000101000010010010
0111000100111001010101101111010111101110111
0101110001110101011011110101100010111111000
0110000000110011100100100011110011001001110
0110101110111111111011101111110111110001000
0101010100010001101000001101111111111101001
0100110100000011001100011001001111100101001
0100100111111111100111000100110110100111011
0110011011101100101100011010110000001000110
0100011100110000010110111101100000011100011
0100110011010101010010100011011100101100001
0100010110111111011001000010110111110100011
0110111001011100001000110001001011000100010
0100000010011011010000110010000100100001001
0100010110010100100100111111110100001001100
0111010011110011100000000100111110001101010
0111101011010111110011111110001100100001100
0111100100010111011001100110101111101110011
0101011010001100001010101001101111000101101
0101101110101111101110100111101101110011001
0101111100101100001111100000101111100001011
0100001000111111011000111001010100100000011
0111011001000000010111111001000001100000111
0111101000001111100000001001110001111010010
0111110110010001010110101001001100011100101
0100111010110000010000000101101001010101010
0101001111111110110000010110100100000011100
0111011111111000100101101101001000101011100
0100011010001010110100100010100010011000000
0101000111110110000100000100101011111100010
0100110111111011000010101010000101110011100
0110100101010001011011000100010111111001110
0111101001111011001000110000111000111111000
0100111101110011010000001110001001100010111
0111000100100001101011000000011101011000000
0100011101000100110001110010011011001011111
0110000100101101000110011001110110110100010
0110010111010100110101000100100011110101111
0110110111101110111111000010001110011001111
0100001110001111011001001111100000000101101
0101011110100111100100100001010001010101101
0111000000001001011100010111111100111111100
0110001000000101011100011101010011100000000
0111001111001110100011000000000001100001101
0101100110000100100000001100111110000011001
0111110100001000001110010000010011101101001
0110110101100000000000101111101110111101111
0110110100101101010000001111100111100110001
0110100011011000111110001011111100111010111
0101100111001111000110001111110000010000010
0110110011111111000110110101101000011011010
0110101000110011000011001010100011100000011
0100110101111101001101000000101001011101010
0110011100110100101010010101111111110000001
0101111001101010001100010010011001000101011
0110010100110010111001001000010011010001010
0111110000101111100100000100011110101110000
0111100101001001011000101011111110010001001
0110001111100110001010110001111100001110000
0101010000011110101010100111111100101101100
0100001010001000101011010001100100101110110
0101100100011011000000101110001101010000111
0101011000001010001010011011010100000000000
0110110100111001111001001001001000000110101
0100111111101111011001110111010111100111001
0100110010001100011000111110111101110111000
0111000010011100011101010110110111011010011
0110001110100010111010100101001001001110001
0100001110011000011101111101011001000111111
0111110001010011001111101100000111100101000
0100111100010101100101010001011111110000111
0110101001001000000111011111000111110010110
0111111110011100110101010111000001110100111
0100111010011010101111000111011101110110101
0100011101011010110001011100101110111001100
0101110011011001000011110000110110011111000
0110000000111111100100000101111111111110101
0101111100100100101010101000101011100010000
0110111100001110111101011111000101110000010
0100101010010101010011100000101001011110111
0110111111000101100010000011100111110001001
0101111011111011101100101000000010010111001
0110010101100110010011101000110001010000010
0101011111100111110010111011001100001100011
0110001001110000010010010100100011001100011
0110110000100001000110000001000011000000000
0100101100010111111111001001011010100000001
0101110011101101110010011011011110001100011
0100111010100010111100000001000110101011001
0101010101001001001100001110000011100010110
0110000001000001001001011011110111100100110
0111001010100010001110101101100011011100110
0111011011110011000101011100100001001110001
0100011000010101101101001011111000011111100
0111011100110111000110011110000011010100100
0101110111001010111111011010000000011000100
0110111101001111100100100010010001110001111
0110001000011011101100111011101010000001010
0101111110111001010000001011001101111010001
0111101011111101010011000010110101010101110
0100101001110000101110101100111000010110111
0111110001101110001111111011010111000000010
0111011000110100010011101100000111010110001
0101100110001100100000110010110100110101110
0100001011010110011111110001110010010111110
0110000111100001010010110101010000000111000
0111001001101100110000001000010011101101011
0110111100100111111001011010000100011101110
0100111100110000100011011101000100011101111
0110111011111001011000000000011001000100111
0101111100110110111111101100101010111100111
0110000011100110111010111000001111001000110
0110111011111001110101111101100000011100111
0100011110111100101001001001000100101011100
0101011001101111101001000001110110111000110
0100100010000110101000101001000101011010001
0101000010011011000011001011111101001000000
0111111110000000110111100000001100011110111
0100101000100000000011101011100110101001101
0110110010111100111100001010011000001000111
0101000101101001101010110101100000101111011
0111100101000101110010000011100011110000110
0110000000100100001000011111110011101101110
0111011000000001110101010011000001110010001
0100111000011011100100011111010000010000001
0110011011011100010111001101100011010011110
0100000001111111100100001101000100110110100
0100111101001011001001100000111111101111011
0111100100011011110000101110000010100100001
0110111011110111010000101001011000011001110
0100110110111111101011110010001101101110100
0111100101010110011010100111001000110100000
0101110100001000000010011111101100011001101
0101011011101010101100100111100010111011101
0100000111111110001001110100011101111100111
0100100110011110101110111001010100110111110
0110011000100000111010010011101010011110000
0101000110000100011101001101001001111101111
0100101000110111101111001110100010100010000
0101111100010001111011110010100100011101001
0100101011101011010001001101111101101000001
0110000100110001010101000011001010110100001
0100100101101101110100001101101111111100110
0101000001001100111001110010011011111111000
0111010100110000101011100101011010111001011
0100111100011010001011111101111100111001000
0101101111011100111000101010100100011000101
0101100001100100101101011101001001010000110
0110001011101000010001001001001100110110000
0110010001011001011000110011111000001101010
0111010000011111101011011100100000011011010
0101110100011110011000000110000010100100100
0100100000000000100000111110110010001011011
0100101111110010111111001111001110100111001
0111010101100111011000100111001010111010100
0111101011100101011101011001100100000100010
0101011100111001110101001000000000101011110
0101110010000010110110011000011111000111111
0110011110000111111000110011100011010100000
0101110100100110001111000011011110001110110
0110110001100100010111010101000110101000110
0111011101011110001010110000001001100000100
0110110000110010010100111000001000000000111
0111011110000110110010011011000111000010010
0101100100011101110101010000000101011100101
0100101000010011011000011100001010000110111
0101111001001111011011010011111101010000100
0110000110000101000111000100101000000001000
0110000000100101101111001001001100100111101
0110111101011001110101110111001110101011100
0100001100011111001110001110011010100010111
0100011010010011110000001000101111111000001
0110001100010000101110110000001010000011010
0100001110001100100111111101011011011101111
0110110111100001010110000001010101010000110
0100010010110110101010000110010110101001010
0100010000101010110010111111101000101111101
0100011011111110000000001110000010101001010
0110110010001010100100001000010011010110110
0101100101111000000100011100001100010011100
0110010111100111110101100010100001000111011
0100001100011011101101111010101001001101101
0100000011001111000111101101110101011010100
0101110101010101111000110000100100110110011
0100111100111011000000001100000010011000011
0111001001001110111011111011011100000111011
0110100010001110010100110010100000110111111
0101001111010110011100101000111101000101000
0111111110111101101010000001010011110101110
0110001011111011010010100001000101110011111
0101001101001001110101111011011101001101100
0101010011010101111000000011010110010011110
0111000010010010011110000100111000101100110
0111101010010010011101101010000101111000101
0110010101101011111111110100111101110101001
0110001101110011010111000101110101100100011
0101001101001000101001110111111000100100000
0111110100111001010111010011011100011000011
0101111111001111000101101001001111110000100
0101101000010000011000001100101110000100101
0111101010010011110101001100101011101000011
0101010110000011111111100110011101011100101
0111010001110110010101101010111101010010001
0101001100011010111010101001101110010101100
0100101110001011000001101000011101110101101
0100010110101111110101110011110100011000110
0100101000011010111010100011000100100000111
0101100011100100110111100100011100010010110
0110011010100101011100100111010110011111011
0100010111111000110010110011001111111000101
0100101011010110000001011101000001011100001
0101000110100010100110100111101111001010101
0110011111010011100111100100001011000010111
0111110110111110110010100100001101010101110
0101100100000001010101110011010010110100000
0100010111010110101001100001001001001100001
0111010000010010011001000111111110010100100
0111101010100101010111010011000000110101111
0110010111010010100100100101110011010000111
0111010010001100111111001111111000100001001
0111101010110001100011010010010000000101100
0110101101011101101011011010101110100011110
0100011101010110011010111101010110001111111
0110010110010011000111011011100011010011111
0111001000101111001001010100011000101111101
0101101110000101110100111000110110100011010
0101000101001111100001100111101000110000100
0101110111110010101101001101100001110010101
0110011101101110101101111001100011011001111
0100001010111000011011100110111101111110101
0111111000101000100011100011111010101011001
0100100100011001111101000010111001001010101
0100100111101001101011101100001011111100010
0111001111000101100110001100100111010101110
0110011010110110111000111010111011010111100
0111111111110000011101011110001011100011101
0111101010110001011001110001110000100001010
0100110000010010001111010010000010001001000
0100000000110000100010110110101111010010011
0101101011110001100011111010110001001100010
0101011011000100001100110111111011010101001
0101101110011111000011101100110110000101101
0101010100011100101100000001010001010000001
0111101110100100101101111001001101011110100
0110101110100100111110100110011001011000010
0100011001100101001100110000001001010010100
0111111100100010011001101001110110001101110
0110100011100110111010010001000000010011101
0111011101101000110100100001110000101000010
0111110001000010000100101000000101011101001
0111011011110110110111000111101000100011101
0101001110000000011011010111010000101010110
0111111010100111001101111101000100111000011
0110001000010101100101000101101110111011100
0111101100100000011010010100111100011101011
0101001100000001010001010101111010010100111
0111111011111010001100000101011100011101110
0101111100101100000111111011000100011100000
0111111100011110000000000100000001110100100
0110110111111101101101010111001000011100010
0110000011001111001011010101111010111110011
0100010001011111000111000111011101100110010
0100110011101100010011000110010110111011101
0110010100011100000101110000110111110000010
0110010011000110011111000110011110110111000
0111111011001001111100001000100101111010110
0110001110111001000000001111111010010011000
0110001011010001110001101101010011110011100
0110010110000001111011010110100101100110010
0100011001111001100101100100100010011111110
0101011110100111010011111101010110100011000
0100100000110011001101000000100001011011001
0100010011001000101101111001100110110111011
0111110111100100111110001100010100111100111
0110100011000011000101100000001110000010110
0111111110001011011100000110010111000101100
0100111000000011111010110011010010001101100
0100110010010100010100000000011011101110111
0110110110110101101110011100001111110100111
0100110101101010010011100000001101010011101
0100110010111110010010000010101111100110101
0100000010111111010001010001100010011010001
0110000101111011001001111101001111111100011
0111110100010101111100011111111001110110011
0100111000010001110010001001101011000100101
0110001101000010001011101100111000000000100
0111111000111001000110011011010110011110101
0110001000010101111010010110011000100011010
0110001110000001101001000110001100100111111
0111000010001110010001000001100011011000101
0101001101011011110111011001010000000110111
0100101000110000100001011010101110100000000
0100011011101011101110111111001001000010100
0110001011110101011001000100001010011110000
0101000010011010110100010101000100010010111
0100001100101000011110100001100110110000000
0110001110111110101000101101100101001100111
0100101101001000111111011000011101110110010
0111010010100010111000010011111001100001001
0100001111100100011001010000110110111110000
0101000110000110111100000111001100010000000
0100111100110110100111110000101101100111100
0101100101001001000010011010100100110100110
0101011101001110101101000101000110010100010
0110111111101100110001101000100000001010110
0100000010001001100110011001110010100101100
0100011001101011100001100111100100001111000
0111100010001101010010110101000101010011001
0111101011110010000001001001111101011110101
0110010101111111101000011100011001010100010
0111110101101011101010000111111111000000110
0110001011111001110011001000001000000100001
0110101111001000000010000101101101111000001
0110110100001010101101110101111000010100100
0101100001011110101011000101100001101101000
0111010011001001010000011000001000100011111
0101011101101000100111100000111000101001110
0100001010001001010100101001010111111000000
0100110001000100110000011100110110100100010
0110011001001111110000001001101010010110010
0100110110110111000010100101001001010000111
0111001001001000010010001111010100010111111
0101001101011101011100101000011111111000011
0110100011000011111010101000100011000001111
0111000011100111110110010010101000101000110
0111000100100001100110101011010000100111101
0100011011010000101001000011001011110001100
0100001011100100000011000100110110110000010
0100101111001001000100001110110010100011111
0111101000000100001100001101000011111110110
0100000011010001111101011110011011001101010
0101110011000011110010100101010110000111011
0101100000100001001100001100010111101101001
0100110111111000000010101110100110100101010
0101100110011000101111010110100010001010001
0110110101010001100000110100000011100111000
0100011011100001010010111110001011011000110
0101111011100011001010100110100000111011111
0111001010111000101101000100111000100110101
0100110001001101110000011010111010001001011
0110001101101001001101001110100001000110001
0111111100111100001100100100000010101001110
0101001110111100100001100011000100010001011
0101100110100000110011010110110100011000110
0111011011101101000111111000001000111010100
0111100101001011010100101010111000110101111
0101011010010110010000011111100010101101100
0111100000100011100001100101111010110110100
0110000010101101100010010101001110111110100
0110001000110111101110000111111110110100111
0110001111001001110001101100111000110001101
0111100101110001000111010110110101001111000
0100101100110011000100110101011110100000110
0111111110110001010111110111110011010100001
0100111110001111000101111000000010110001000
0101111110101011000000011111100100011100111
0110000001111000101100000111010101110010101
0100001011011010100000101001100000000001100
0100101111010000000000010010011011010101100
0110000001101000110001001101110011011101011
0111010101111100111011110101101010110100001
0111111111001100011001110111110101111000110
0100100010100001100000011101000111101001011
0101010000000110000001110110001111111111011
0101001001011000100110011000110101001100001
0110101000101011000101111110111000000001011
0110100110101101000110101101111111101110101
0111101100110101111100011010110101111011100
0111000111011101010010001011100111010011011
0110111011111101000101001100010101000100001
0111010011011000001000000001101101000001100
0101111101000010001100111111101111000010111
0111000011000111000111010010101111011010100
0111100001101001000011100010100101100100010
0110000000001001000000001000000011011001001
0110100000001011010110000110110101001001100
0101111110010110011111001011010010100111101
0101001011101011111011101000111101011011101
0100110000110100101101111011100010001001101
0111111000011110001011010010101110011110111
0110011101001100001100000100001110001110010
0100001010010110110110010011111011111010001
0101100011111110001110011101011001110101010
0100100111011100011101101100111011101110110
0101011000011000011100011000101100011111110
0100110000000111100111011100011100111011010
0100111100110011111011010100010111110000110
0110111001110001000011101001110010001101101
0110101101000011100010111100111100011111011
0100011111000111110010110001101111101010110
0110101101000101010001100110011100110001001
0100010100011001101001000011001111111111110
0101010110101101011000001110001100011000110
0100111001111101011001001100101011100000111
0110000110101000000010101101001100000011100
0100000001110100100111111110001101101000111
0110111111010100000111101001000011001000101
0110010001011001011011110000001000000100001
0111001100111011011000010011110101000000011
0111111001100010101001001101101011100010101
0110001011101100111111000100000011011101011
0110101110010011001001011110100010010101100
0100010010000100001010010110101111111110110
0100001111011100001010111000100000110001101
0111111111011111111111010110110101010101001
0110011101111000001100110001011001000000111
0101101010011011001110000000001101111010101
0100000011011000100100111111010011011000000
0110011001000011100010101111111111110100000
0100101000101110011100110001001111101101110
0100110000111011000111000001110011110110101
0101001000110011010110101001110001111011110
0111101000011001111001010100111011101010011
0101110100111010001111000000101011000011100
0100000001111000001010100110101101000000001
0110110010111010111111101001001001010011010
0111100111000010111101110100011100010000100
0101000111111110110000010011010100001010101
0101000011011111100011011001110001111010111
0101100100011001011111000100001100010000111
0101111001111000000001000100001111001101011
0111111110110110110111001010011000110101100
0111111110001011000110111010011011010100100
0100000001100010001111001110110110010010000
0101011000110010111011101101011110011111110
0111110110001010101000100111000101001010010
0100101111110111000001100110011111101011110
0100011011110111011101010011100000100011100
0101111110100100011000001101000000100011001
0101101111110101011001000000110000100111001
0101111101110110010110011010111101011001111
0111001000100110001110101111110100000100100
0101101101000111001110110011010010101101001
0101100111011111001100011100110101111110011
0111001001001110101001110001101111011111001
0101101101110111100011101101011011000110001
0111001001100011000100010011110001101001101
0100110111100100000000011100111111101110110
0110110110111010011101000010011100111101010
0111111000111101001110111001011100011101011
0110100101001101110101100011001110101111111
0100110011010010101000100011100100110101000
0101110000000000001000010011000010101001000
0101001001100000100100000100110011101001110
0111010010000101101001010010001001110010000
0101000010000000101111000110010011111110010
0101010000110011101000111001101001000000001
0100111111110100111001001100110101110001100
0111110000101110111001110011110110001010100
0101100111100010101000000001100100010101010
0101101101101010001001001100010110101011111
0111011001011010010000101011100001100011110
0100110110110100111100111000111010011100110
0110011011010100101000000111111010000001100
0111001111111100011101110110101100000110101
0101111101100001100111111001100010111100010
0100011011100010000000011100100000001000110
0110000001101010001101110000011010010000110
0101001010010110010100000011010101001101000
0100100001011011101110100110100100110110011
0100111110011000001001100000000100110101110
0111011010001001001111110011001110111000000
0111111100011001110001100001001111000110000
0110011111000011001110000000110111110101000
0111101110000100100001101000100101011001001
0111111011011001100100100010001010011111010
0110011010011001001011011110001100101001000
0111001111011000110100101100110110000110111
0101110011010111110010110100001011100010111
0100011101101000001011110010110010111011001
0110011001011101000000101000110111010111010
0110001101110000000101011100111010101011100
0110110110010100111001000010111110000001000
0111111001011001000100000100101100011111110
0100000101101100011000001010101100110100011
0110100010001011110111010111111001001100110
0101111100010101010110001010011100111001001
0111101011111101001001000110010001010111010
0110101101111110110011011110001100011111000
0110111001111000100110000111001100111011100
0101000100000001110101100000111001101111100
0110010011001101101011000111001000111110010
0110011000110111000110101010101100111111110
0110111010111110111100110001000101100001011
0101000111000101111110001010000110010010110
0100011101001011111000101111011111110000100
0100110100111100010101010111110111010001010
0110001100001100110001011111101001001101001
0111010111111000001011101111111100101101010
0110010000011011000110111000011110100100000
0111101110011101101111000000100101010101100
0111001000010011010011110011101100100000001
0100110011010110001011010000000100110011110
0110110010100100101100101001000101001000110
0110001011010001101100100111110111111110011
0101010001011010100001100011101010011010001
0110010110100110100100000011111100011001011
0101010111111101011000000110101101000011101
0101100010010000101010010010011000010011010
0101000100000111111011011111001100010000101
0110001111011100000011111001000010010110011
0111111110101011011111010001100011101100111
0101010101111011010011100011000110011011101
0110001111001101001000110101000011010111111
0100111101001100110100010010101011110000100
0101001000001111110100111011011111010110011
0111000101100000111000100000000111011001011
0101110100101100100001110100110111000110110
0110010110101100110111001000000101110101111
0110010111001101101000010111101100101111011
0110110000010010101010010011100011110111110
0111111111111011110110101010101001010101011
0110001101000100001001011110110101101001100
0111011001001110100001000010010111011011101
0111110110100101111010101011110101111100001
0101110010111001111000111001111101011100111
0111001111100111100011011000000111111011101
0101011111000110100101110000110000111000000
0100101101110000100000101010010010010000101
0110111010011111011011110010111100101101100
0101110000111010111000101100111111110110110
0101101111110011010110001110111011110001011
0101001100001110011101101001011100100000101
0101001001010000000011010111100110110010100
0110011011011110101101000110110111101000101
0110111110000001100101001011111110101010010
0100001100101111000010111110010001001111011
0110001111010001101011001111001100000111000
0100111101000011101011011000010000011101011
0101111111101011011011011100111011001110000
0111101001111010010100000011011010101101010
0101101100111111011100011000011111011100011
0111001101001110100010100010010001111001101
0111110110010000101101110000100111100111011
0101101110101000011010001001011101111001011
0111010100010001011100011111001111110101100
0100010000000001111111000001010110101001000
0100011110001001111010000010010010111000110
0101010101111111011111010101010110001111000
0111100011100011101000101110100111101110000
0101100110101111010111000011110010110100100
0101110011111111011111010101000000110111000
0111011100010110100100101001101101000110111
0101000000001010101101111011110100000000000
0100001010000100011110100101111111011101001
0100100010001001010110100001011101101101101
0110101100001000000111010000011100100011111
0101000011101011110001110111000100001000010
0110111011100001111010001011011111110011001
0100100110000010100001011111001110100111101
0110010110110001110111010010001001000010101
0110111010100001101001011010011000111000110
0110101111101000000110011110111100111000001
0110110110000111011000011101101111000010010
0101101111111000010111001100000001101010001
0111101000111110010010101110010001111101111
0101001111010111011010001000010100001110101
0111011101000100100001110101100110001111100
0111010010101001000001101110111110011010001
0100110110000011010111011111010100101010010
0100100001101110010111011001101100110110010
0110010111011101111100101000110011010001000
0111010101000010110010101101111001100000100
0100101001111100111011001101100100111111000
0111010010101110101110111000101100010011001
0111110101000000001010100000110100011010110
0111010100001001000101001101000001110100000
0111011011111100101101000100110111000000111
0101100110000011010111100110111101011011011
