0111110010001011000010101001111010
0110110011001000000111101101011011
0100010001011011110001000010100011
0100010000111100000110111010001011
0101001000111110111000110110100000
0110001100000001110111010011001000
0111000100100100001110000110111010
0110011010101101110010011001111010
0101111010001010011111111100011111
0100110001111001011100001001110010
0100110101110110001000010100000101
0111001010111011011010111111101110
0111001000111101010111001000010111
0100110111000000101110100110011001
0101000110000001000100001100010000
0110011111111001011011000000100101
0110000101011011101011111110011000
0110111101001111111000100000100101
0111000111110000110000000000001101
0100111100001000110110111111010001
0101000000010100001111000010100111
0101111111100100111000010011000110
0100111100111111011110010100101001
0100001000101111000100000001010000
0100011110101001000110110000101011
0101110001111110111000100010000110
0110011010101000011000000101100111
0111101000011101011011101110011111
0100110010101110000001011111010100
0111111001110011101111000110010011
0100111100010001010100000100101001
0111000100000000100110111110001010
0110011011001000101000101001111010
0101111100110111001000001110010011
0111010111010010001111100001101110
0100101011011100111000010000111011
0101111011100100010111001000111001
0111111000010110011001001000111110
0100110010111000110010000011000100
0110110011011010110010111001000001
0101001111001111011100010000001011
0111010101000111000011111100110000
0110100110111001110001111110001100
0111010110100101001011000111100101
0101110011111111100010101011010001
0111000111000101001100110000111000
0110011001001011010010000000110101
0110100101011100000000011010010001
0101011001110111101001111001101110
0111101110011001011000000011010111
0110101011001011000000000010101010
0101111001000010010111111110110010
0110110101101101010000111110010110
0100101111000000100100011111000100
0111110000101100110010100110110101
0101001010001101001110111010111111
0101000100101111000101001101100011
0111110101111011010110101110100110
0100111101111000101000101001010110
0110110001111010001100100111010110
0101101110000001010111100011110010
0110001110110000101110100011110101
0110010111011111110111101010111111
0101000110011101000011001100100010
0111010110011000000110101000000101
0100000000111111111010010010101111
0100100101110011001101011010010100
0110011000001111100111011011110110
0111110010001010001010100011010110
0111111011101000010111111001011110
0100110011000000100111010100011110
0110110010110110011111010110001000
0100010111001101110001110010010111
0111010110100111011100000110011000
0110000101101011100000000110100110
0101000011101000100111010111101001
0110110001110101100010101111101111
0110011110011000101010001010011000
0100011110000011000100000101001001
0110101001111000001011011101110111
0100110011101101000110001100000110
0110100011111101100110101110111011
0110111010101011010111011110001110
0110101000000111010000111001010010
0100011101101011101100100111001101
0110101100110101101100111101110101
0111010010101110101001110101000001
0100000001010110010001000010110100
0111111101100000101111111010101000
0111101110010000111001011101111000
0111001101011010101111110100010011
0101010000111000110001100100001101
0100000010100101000011111101011001
0100000101111101000101110100010010
0101100111000100100111010100000110
0100001110001000000110011010111010
0101011011001011110010011110100000
0101111101111000101101010111110010
0111100111000011000010011111111010
0110011111111001011111111000110010
0101110001110000110011101100000100
0100100100000001101011000001100101
0111100100100010000011001110110001
0110101101111011111000001100100100
0111011000111000000001010111101100
0110100100010110101111010110101100
0110001100001010001111000100111001
0100111110100000011001011010100110
0100011111011010000000110011101001
0110000010110110111110011000010001
0111011110011101010111001101011100
0100110010010000100010101110011111
0111011101001000101010101000111100
0100010010001010100001010111000110
0111011101111010010011010100011111
0101010000110001001111011001110100
0101111111011001100010001010111010
0110101010110001010110000111101000
0111101001111001100000100001011100
0101101111001110110001001010001011
0110101010001100110101101001011100
0110110011100101010101111110001011
0100010101101101000001010110111001
0100011000111110110110111001111100
0111101100101001100011000011111110
0100101100100110010110110101011101
0111100010011111000100011101010011
0110100000011110111010101111110001
0100110110110011101100110111011101
0110011000100010011110011100011110
0111101110110111000110100100111010
0111110010101111110011111100110001
0111001000011101001100110111011001
0111101111000010011010111000100010
0110001111011111000011100001011110
0111001111000111011110110000101000
0111000111100110001101011110110111
0100011101100010000110001100000000
0100111101001110111111110011011001
0101001111100001110100010100111101
0100111001101101100100001010101110
0101111000000011110111001111100000
0110010010011100011101010101110011
0101000000110010110100011100000100
0110010110010001100100011111101100
0101100000000011011001110010001101
0101001001111001011010111011010000
0110011100000010010110000001101111
0101010010011001100000110101111001
0100001111001010111110001010001011
0111100011011110000000011101011100
0111010000100000100110100110001010
0111011000001100111010011111011111
0101000000011111011110111001100111
0101100110101011111110000000001111
0110010111111101010110100101010101
0100001011100110111010000010111011
0101101010110011001100100000000110
0101001100001111110010010110111000
0110010010100011101000001110100100
0110111000100010010010100001000101
0111100101111010110001001010111100
0111110101010111100110111010101100
0111111111111000001010100001010001
0101111000110111001100100110000010
0100110011111101110011010010001101
0100000101010100000010110110100110
0111010011110110110000101110111111
0101010101101000011010001101010100
0111110101110000110010010000100001
0110011011011010110010110101101010
0101011101011110011110110111101011
0111100100111001010111110011001100
0101100101010000111100010101000001
0111110011111011100110010100110101
0111011101001110011110011110011000
0111010001010110001000111111011110
0101100110000100000000011101010010
0111110001000100111111000011101000
0111000010011000111001001010001010
0101001101101101001010010010000110
0101011100101111101101001100011110
0100111010001111100000011111010111
0110000000001011011011000100000111
0100000010000111001101001011011001
0100101001111001111111101011101011
0101111010101110001110101100110111
0100010101110111100100111100101011
0100111101010101100100111100110111
0110001011110111010011010010101010
0101011001100010001111001000011111
0101111101011111101111101111000110
0100000010101101110101100010001001
0100101000101111010001000000010001
0110100001000110011001001011110101
0110100110101001111011001100101111
0110111011001111001111001000001111
0110000011010000010000010110111000
0100000011111101001000001100010010
0111011000111111100100111110010111
0110100111101000000101011011101110
0110010101011001000011101100111010
0111111001111101111100111110011110
0111101110000011100100001000111010
0110001111110001011111101100101000
0111100000100111000101010001010111
0100100101111101101111111110011101
0101101000111101110001100000110100
0111001000101010110010010000101100
0100001100100000110010010011010010
0100011100100101000100100010110100
0110001000000110110011011011110101
0100110100101001001111111001000010
0100001000000010100011111101101011
0101111011001100101010110101000110
0101011101110001011011110110111111
0101011000000011101010001101000110
0110100100110001010010001011010011
0100101010110111011111101110010010
0100000101110000111001010110010111
0100101100000011101111110001000110
0110110110101010110001011001001010
0100101110101000100010110101111001
0101010101110111011100001111001000
0100101100001111111111110101111111
0111000001000111000000101110010001
0110010000010000010011100001101000
0100110011111101000101101011001001
0100010001110101000010010000011101
0111011000100010000000100101010011
0111000011011010010011000010010100
0100000100010110010000001101010010
0101101101011011101001010100000110
0100011111001111111001110010001100
0111100000011001111110010001010010
0111011010010001010111001011011111
0100000000101111010100111001000111
0111101100111001101010101011010100
0101000001001011101010000110011110
0101010000000011001101110011010110
0111111010010110100101000010111000
0111101001000111111101001100100101
0100000010101011100100010001000100
0110010001011100010010110101000011
0101001001011001101100000110110000
0101011011000011000001000001100000
0111101001001111101010010101101000
0110100101110010000100001101111000
0101000011001100101000001010000000
0110111001010011011110100000010011
0100011001000100011110100000110001
0111001111111101111000000111010001
0111110001011010100101010100000110
0100101111101000010000101001000000
0101011000010100000000010000010111
0100010110011011001001101000111001
0100101010000101111111101000110111
0110110010110101001110000001000110
0111111000101010001111110110111110
0100110100110110111000001100011011
0101110110011010101101010010010101
0101010111001100111101000110011100
0100111001010011000000100000111010
0100100110001111101100100110100000
0111010000011101110000001100001010
0101101111001010000001010100111011
0100110010101001011001000010100010
0100001110100111001011101000000111
0111100001010101111110100110111001
0110110001110100011100001110001110
0111011000111111101101110010101010
0111001001110011000010110111110011
0111010001000100101000111001101101
0100000000001000110101010101100111
0111101101100001110101100101101010
0111000100100111011100101101011111
0100111110111000011010110100011100
0110101001101101110011110110111111
0110110001010011110001001100011101
0110010000110001101101111111101110
0111011011111001000010101000110011
0101110001001010010010010011110110
0100100000011111001000100000001101
0111011001110101101100100100111110
0111001000101110101101010010011110
0101111110110111111001101001100100
0101100100001100010001110111110001
0111100100010010101110011111111100
0101011011111100111011001110001111
0101010001110111000100011111000111
0100000101001001001001110000011000
0100001010100100111100001011101101
0101111110111100011011100001011111
0100011001110101011010010001010100
0111111100100110010111001111010110
0100110111110100000110111000111011
0110011100101101101110001000111000
0100110101110111000100111000111011
0100101110011111110000110111001100
0111000000100011001001100011110110
0101001101101001011000011000101001
0111110101011010100011101100110001
0111010000010110100011000001101110
0100110110101001001110110100101100
0110111000011001001100000101100101
0111111110000101110111110011010010
0110101001110101000110110000110011
0100110011110110110111011110011101
0110110011110001000111100000011010
0100100011010010011100101101111010
0101001011111011010011101110110010
0111011101101011100111100101000101
0100000111101001000011010110111000
0101000111111100100010001101001001
0110011100000001000000001011001011
0101011101100110110110101011010000
0110001000001100110011100000100100
0100010000010101001110011000000000
0111111100101111100010000000001100
0100111110101010101001011011100100
0110011111011110100010101000101111
0111010100010001001010001000111001
0110010000100111011111100101001110
0111111100100110001100001011000100
0101111100001101011011001110101100
0101111101110110000110101100101100
0101111100110010000101100001000001
0111001110010110111010010010010000
0101010110011011101001011110000100
0100100000110000010100001100101111
0100101100011111010100110111101011
0110101100011111110101000010000011
0100100000110001010000010111011111
0100100100000110010000100010001101
0111101001000010111100001101010011
0110100101001110000000011001001101
0111101111000100101101100110011000
0111001111110001010101101001111100
0110100011011000101100010000011010
0100001101011010101101010010100010
0111101111000001010110010111111010
0100011100100110111011110000100000
0111100000001010100101001100111110
0101011111101011110110101010100000
0110101001111000101011101010010010
0101001010000010100011001101011010
0111000110110011101010111100000101
0110111010011110100101001001001010
0100111001110010111111101110100001
0111001011111010000111111010111100
0111001111011011010011100001110011
0111000111011001111000000110000011
0111101111001011111010001001001111
0110101011010101011010000000011100
0111011001101101011011011011010010
0100110111000010110101001011100000
0101100010010000101111111100101101
0100000111111110101101010001110100
0110000111100001110100001010111011
0100101010011010111001010011101110
0110000010100000010000100000011010
0100010111100100000101111111101000
0100100001001001000110001110111111
0110010011001010001101110001110001
0100110000010110101110111100001001
0111011001000110001110101101010011
0111000010111011011110111001101010
0100000101111010101101011010101011
0101111100000100111101111000011101
0111000100100101011100000000110111
0101100111110001110010011000000110
0100111000110100100000010000001100
0111101100010011011111011001010111
0100100000101011110001101110101011
0111111010000001101110110111101010
0111101101101110000111010101110101
0101010000101001101001101100001011
0101000101101110000001010011011001
0111010001000000010001111100010011
0111111100110010101110001001000101
0101110110010001010111111001000000
0111000101101111010101001110100100
0100010001010100001110111010010110
0111111101000001000001111010111100
0101001011100110110101011011100110
0111001010010101001001111101100011
0111111111010010100110011100101000
0101110111011100101100011000011011
0101000110110111110010100101011001
0111010111010010110001001011011000
0110100110000101101111100100010000
0111010111100111110100101101111110
0101110100101001100001011100001101
0100001000100110110000111011000000
0100111110101000100000100110100101
0101011010001000010010011010010000
0101111011001011111010100010010010
0110100110100010010110010110011100
0111110010110010100000101011000001
0111000101001011011011001111111001
0110111101101011101010011101001010
0100011010001100011111011101110010
0101010110100110101010101100000000
0110111001100001010111001001001001
0111000011001011010110000010111100
0110011001010100101011010101010011
0111001011111110010100001010100011
0100110110001001100101011111101111
0111110010010001011001110100101010
0110110100000000110100101100110110
0111100100010010101100110011110110
0101000000100101100100000101000000
0110011000101100101001000001101110
0101110111010010010100111100011111
0100000010100000101001110110011100
0111011010010000010001010110011110
0101011111111111010100001100011101
0110001100011010111011000101010001
0100001000100001111000101111100110
0101011111111111001000010011010110
0110001110111001011101001111011000
0100011010100111000010010100110110
0110100011010100101111011010001100
0110010101100110001111001101111010
0100001010100000011101010010000100
0110011010010010101111000100101001
0100010110110011110001000000000010
0111010101100001101010000101101000
0110010011011001111011000011001110
0111011101000011101110100011010111
0101110110110000011010000110010000
0111001100011011101101101001101111
0111100100010111100101111000000111
0100101100101001000000110000000110
0110101100000011011011011001000101
0111101011011101000010100110111000
0111001111100101101000000101011011
0101111110111101111100101110010100
0111000100011101000000011010101100
0100011010001011000000010111110011
0100000100111101100110011011111001
0100111111000101100000010101010110
0110110100101111111111100111110001
0101000010001111010001011100100110
0100110011000011101111000001000011
0100000110100111101011110110010100
0110111011000111101000000100011110
0110111001001010001011010110001101
0101011000010100111001100000000010
0111111111110111000001000010011110
0100111000101101101111010100010110
0111001011100101111011010010111000
0110010101000011100010110111001001
0101010000010100000100101011110100
0100110010101101001000110011111111
0111011010011001010111001111000000
0110100100010011010100110100110111
0100101111110000101111010111001111
0111110001001000101010111001010001
0110010110101010000101011000000001
0100011111001101100010110010011001
0110000010001110110110000100011010
0101001000011000101101100110100001
0110110011101100001010100001011000
0101111001010110111010010100010000
0111110100001010101001000000000000
0110111100110001011001010010000101
0111100101000010111001100000001000
0111110110011110000101100000001000
0111011101010111000011011000010110
0101110100010000000110110111010110
0111010001101101100101000110010001
0110010000011001010000111011011000
0101001000000011111010101011011011
0111110010010100000101111001110101
0100000100111111110001111011110000
0101100101011100000010000111011001
0111100111000011011111010110101100
0101001011000110100000001110101101
0111001111111000100100111001010111
0101110100010011000000000011110010
0110101100100001001101111001101001
0111100101110100011010100110110101
0101010001101111101011010010101110
0101100111001110110000000101100100
0101000000011011111111101010001000
0111011001111000101111101011001100
0101111101101101100111101010101101
0101001010001111110001000101110101
0100110011010001101011010001110100
0111011101001011001011111000101110
0101110001001010000011101000011111
0100010101111011011111101111001101
0110001010000110111000011101010010
0101000100111010110111010100010111
0111110111001011110001110010100011
0110011100110001011001101100100011
0101010010110000101110101100000110
0111011110100101110001011001000111
0101110001001100001001010000000100
0101011000011001110100000010010010
0111111010100111010110110001101101
0100000101101001000110110100101111
0111110111001011001100101100111011
0110010100100110100101110010110000
0110110011010111010000010111010011
0111011101010100111111010101101010
0111100010100101010101010101110101
0101011110110000110000101101000010
0101111100000100000011000010011001
0111000011010110110000101011001011
0111100010011111111110001101111000
0110010100010101000000011000010000
0100110110110100110011111011100100
0101101100001111011100000010011001
0111100001000110101100110110000001
0101001010011110110011110011011001
0100011111111010110011111000100010
0101011110000000110000000000000010
0111000101111110011111101100100001
0110001010100000011100101101101011
0101100001000010001011000010010000
0111011111111011100010001001101101
0101010101010111011111101100111001
0111010001000110000101011000110011
0111010100111111110110100100010101
0111010111000110111000001000101010
0110111001010111101111100001001000
0100110001100001010110010000000100
0110110101011001111011111010001000
0100101011101101011101011011001000
0100000011010001110101111001101100
0110010101011001000011000011010010
0111110001101111110110110101001100
0100000011010101100000111101110000
0100000011110101011010101111111111
0111111000110100000100101010101010
0100010001100001000000000100100000
0100001010000010011111101100101011
0101011101101011000111101110000111
0101011000111001010100011101100010
0100110111001111001001010011011001
0101001001010010001011111001011011
0111001000100010000111000010010101
0100000000000101100011011011110111
0101101101111100101011011100110000
0111000111000011001011111110010011
0110111001101011011100010010111100
0111000011101011110011111100011110
0101000111101111001110101100001101
0111010100011101110001010110100101
0100011011101010111111110001101111
0111001100110010001100001000011100
0101010000100100101100010011100101
0101011011110101111011101110111000
0111101010110111101011000101111110
0100100000001100111001001000111100
0111001001110101011101111111110111
0101111110111110001000010101000100
0101101000001101111111111101001001
0110100000011001100011001001111100
0110100100100111111111100111000100
0111011010011101110011011101100101
0110001101011000000100011000011100
0111000001011011110110000001110001
0110011001101010101001010001101110
0101011000010001011011111101100100
0100101101111101000111011100101110
0100010001100010010110001000100000
0100100110110100001100100001001000
0101001000101100101001001001111111
0110100001001100110100111100111000
0100000100111110001101010111010110
0110111110011111110001100100001100
0111100100010111011001100110101111
0110111001101011010001100001010101
0100110111100010110101101110101111
0110111010011110110111001100101111
0110010110000111110000010111110000
0110110000100011111101100011100101
0101001000000111101100100000001011
0111110010000011000001111110100000
0111111000000010011100011110100101
0111101100100010101101010010011000
0111100101001110101100000100000001
0101101001010101010010011111111101
0110000010110100100000011100110111
0111111000100101101101001000101011
0110000011010001010110100100010100
0101001100000001000111110110000100
0100010010101111110001000110111111
0101100001010101000010111001110010
0110010101000101101100010001011111
0110011101110100111101100100011000
0101110001111110000011110111001101
0100000011100010011000101111100010
0101000011010110000000111010110000
0100000111010001001100011100100110
0111001011111100001001011010001100
0111001110110110100010100101110101
0100110101000100100011110101111101
0110111101110111111000010001110011
0100111100001110001111011001001111
0110000000010110101011110100111100
0110010000101000101010110111000000
0100100101110001011111110011111110
0101000100000010101110001110101001
0111000000001100111100111010001100
0100000000011000011010110011000010
0101000000011001111100000110011111
0101000010000011100100000100111011
0101001101101011000000000001011111
0101110111101111101101001011010100
0100001111100111100110001101000110
0111000111110001011111100111010111
0101100111001111000110001111110000
0101000001010110011111111000110110
0110110100001101101010101000110011
0100001100101010001110000001100110
0110111110100110100000010100101110
0110101001110011010010101001010111
0111111100000010111100110101000110
0100100100110010001010111001010011
0100101110010010000100110100010101
0111100001011111001000001000111101
0101110000111001010010010110001010
0111111110010001001100011111001100
0101010110001111100001110000010100
0100011110101010100111111100101101
0110000001010001000101011010001100
0110010111011001100100011011000000
0110111000110101000011101011000001
0101000101001101101010000000000010
0111010011100111100100100100100000
0101101010011111110111101100111011
0110101111001110010011001000110001
0110001111101111011101110001100001
0100111000111010101101101110110100
0111100011101000101110101001010010
0101001110001000011100110000111011
0111101011001000111111111100010100
0111001111101100000111100101000001
0111100010101100101010001011111110
0100011110101001001000000111011111
0100011111001011011111110011100110
0110101011100000111010011100111010
0101101010111100011101110111011010
0110001110101101011000101110010111
0101110011000111001101100100001111
0100001101100111110001000000011111
0111001000001011111111111101010111
0111001001001010101010001010111000
0110000101111000011101111010111110
0100101110000010001010100101010100
0111100000101001011110111101111110
0100101100010000011100111110001001
0101111011111011101100101000000010
0101011100110010101100110010011101
0100011000101000001001011111100111
0111001011101100110000110001110001
0100111000001001001010010001100110
0100111011000010000100011000000100
0100110000000000010110001011111111
0110010010110101000000010111001110
0111011100100110110111100011000110
0101110101000101111000000010001101
0101011001010101010010010011000011
0110000011100010110100000010000010
0101001011011110111100100110110010
0110100010001110101101100011011100
0111011011011110011000101011100100
0100100111000100011000010101101101
0100101111100001111110011011100110
0111100011001111000001101010010001
0111011100101011111101101000000001
0110001001011110100111110010010001
0100100011100011111000100001101110
0111001110111010100000010100111111
0101110010100000010110011011110100
0101111010111111010100110000101101
0101010101110001010011100001011101
0101100111000010110111111100011011
0110001111111011010111000000010110
0111000110100010011101100000111010
0111000101100110001100100000110010
0111010011010111000001011010110011
0111111000111001001011111010000111
0110000101001011010101000000011100
0101100100110110011000000100001001
0111011010111011110010011111100101
0110100001000111011100011110011000
0101000110111010001000111011111011
0110111110010110000000000110010001
0100111011111001101101111111011001
0101010111100111100000111001101110
0110111000001111001000110101110111
0111001110101111101100000011100111
0100011110111100101001001001000100
0110101110001011001101111101001000
0100111011011100011000100010000110
0110100010100100010101101000101000
0101001101100001100101111110100100
0100001111111000000011011110000000
0111000111101110010100010000000001
0111010111001101010011011011001011
0111001111000010100110000010001110
0110001011010011010101101011000001
0101111011111001010001011100100000
0111100011110000110100000001001000
0101000011111110011101101110110110
0100000001110101010011000001110010
0100100111000011011100100011111010
0100001000000110011011011100010111
0100110110001101001111000000001111
0111110010000110100010011011010000
0111110100101100100110000011111110
0111110111110010001101111000010111
0100000101001000011011101111011101
0100001010010110000110011100011011
0101111111010111100100011011011101
0100111001010101100110101001110010
0100110100000011101000010000000100
0111111101100011001101010110111010
0110101100100111100010111011101000
0100111111110001001110100011101111
0110011100100110011110101110111001
0101010011011111010011000100000111
0101001001110101001111000001000110
0100010001110100110100100111110111
0110010100011011110111100111010001
0101000100000111110001000111101111
0100101001000111010010010101110101
0110100010011011111011010000011000
0101001100010101010000110010101101
0100001001001011011011101000011011
0101111111100110010000010011001110
0101110010011011111111000110101001
0110000101011100101011010111001011
0100111100011010001011111101111100
0111100100001101111011100111000101
0101010010001100010101100001100100
0110110101110100100101000011010001
0101110100001000100100100110011011
0100001001000101100101100011001111
0110000011010101101000001111110101
0110111001000000110110100111010001
0111100110000001100000101001001000
0101000000000001000001111101100100
0101011011001011111100101111110011
0111001110100111001110101011001110
0111000100111001010111010100111010
0111100101011101011001100100000100
0101001011100111001110101001000000
0100010101111001110010000010110110
0101100001111100011111110011110000
0111111100011001110001101010000001
0111010010011000111100001101111000
0111101101011000110010001011101010
0110001101010001101101110101111000
0110101100000010011000001001011000
0101100100101001110000010000000001
0111110111100001101100100110110001
0111000010010011001000111011101010
0110000000101011100101001010000100
0111011000011100001010000110111011
0111001001111011011010011111101010
0100010010000110000101000111000100
0110100000000100010000000100101101
0111100100100110010011110110111101
0101100111010111011100111010101110
0100000110001111100111000111001101
0101000101110001101001001111000000
0110001011111110000011000110001000
0101011101100000010100000110100000
0111100011001001111111010110110111
0101111101101111000010101100000010
0110101010000110000100101101101010
0110000110010110101001010000100001
0101010110010111111101000101111101
0100011011111110000000001110000010
0110100101010110010001010100100001
0100001001101011011001100101111000
0100010001110000110001001110010010
0111110011111010110001010000100011
0110110000110001101110110111101010
0110010011011010000001100111100011
0111011011101010110101000111010101
0101011110001100001001001101100110
0101111001110110000000011000000100
0111000011110010010011101110111110
0111011100000111011101000100011100
0110100110010100000110111111010011
0111010110011100101000111101000101
0100011111110111101101010000001010
0101111010111010001011111011010010
0110000100010111001111101001101001
0100111010111101101110100110110001
0101001101010111100000001101011001
0100111101100001001001001111000010
0101110001011001101110101001001001
0111011010100001011110001011001010
0111010111111111101001111011101010
0101100011011100110101110001011101
0101100100011010011010010001010011
0110111111000100100000111101001110
0101010111010011011100011000011011
0111111001111000101101001001111110
0100010001101000010000011000001100
0110111000010010111101010010011110
0110100110010101110100001101010110
0100001111111110011001110101110010
0111101000111011001010110101011110
0110100100010100110001101011101010
0110011011100101011000010111000101
0110000011010000111011101011010001
0101101011111101011100111101000110
0100110001010000110101110101000110
0100100100000111011000111001001101
0111100100011100010010110100110101
0100101011100100111010110011111011
0100010111111000110010110011001111
0111100010100101011010110000001011
0110100000101110000101000110100010
0110011010011110111100101010110011
0111101001110011110010000101100001
0101111111011011111011001010010000
0111010101011100110010000000101010
0111100110100101101000000001011101
0101101010011000010010010011000011
0110100000100100110010001111111100
0110100100111010101001010101110100
0111000000110101111100101110100101
0100100100101110011010000111110100
0110001100111111001111111000100001
0100111101010110001100011010010010
0100000010110010101101011101101011
0101101010111010001111000011101010
0111001101011110101011000111111110
0101011001001100011101101110001101
0100111111100100010111100100101010
0100110001011111010110111000010111
0101001110001101101000110100100010
0110011111000011001111010001100001
0100011101111100101011010011011000
0101110010101100111011011101011011
0111001100011011001111000010101110
0100011011100110111101111110101111
0111000101000100011100011111010101
0101100100100100011001111101000010
0111100100101010100100111101001101
0101110110000101111110001011001111
0100010110011000110010011101010111
0101001101011011011100011101011101
0110101111001111111111000001110101
0111100010111000111011110101011000
0110110011100011100001000010100011
0100000100100011110100100000100010
0101000000000001100001000101101101
0101111010010011011010111100011000
0111111010110001001100010010110110
0100100001100110111111011010101001
0101101110011111000011101100110110
0100010110101010100011100101100000
0100101000101000000111101110100100
0110110111100100110101111010010101
0111010010011111010011001100101100
0100100001100110010100110011000000
0110010100101001111110010001001100
0111010011101100011011101010001110
0101101110100100010000000100111011
0110111011010001101001000011100001
0101000010111100010000100001001010
0100000101011101001110110111101101
0110111000111101000100011101010011
0110000000011011010111010000101010
0111011111010100111001101111101000
0110011100001110001000010101100101
0100010110111011101110011101100100
0100001101001010011110001110101101
0100110000000101000101010111101001
0101001111111101111101000110000010
0110111000111011100111110010110000
0101111110110001000111000001111110
0100111100000000001000000011101001
0100101101111111011011010101110010
0100011100010100000110011110010110
0110101111010111110011000100010111
0111000111000111011101100110010001
0110011101100010011000110010110111
0101110110010100011100000101110000
0111011111000001010010011000110011
0111100011001111011011100011111011
0100100111110000100010010111101011
0101000111011100100000000111111101
0100100110001000101101000111000110
0111010100111100111001001011000000
0111110110101101001011001100100001
0110011110011001011001001000100111
0111110010111101001110100111111010
0110110100011000001000001100110011
0101000000100001011011001000100110
0101000101101111001100110110111011
0111110111100100111110001100010100
0111110011110100011000011000101100
0100000111000001011011111110001011
0101110000011001011100010110000111
0100000001111101011001101001000110
0111000011001001010001010000000001
0110111011101111011011011010110111
0100111000011111101001110011010110
0110100100111000000011010100111010
0101100101111100100100000101011111
0100110101000000101111110100010100
0101100010011010001100001011110110
0101001111101001111111100011111101
0100010101111100011111111001110110
0101100111000010001110010001001101
0101100010010110001101000010001011
0110110011100000000010011111000111
0100100011001101101011001111010110
0100100001010111101001011001100010
0100110101000111000000110100100011
0100011001001111111100001000111001
0100010000011000110110001010100110
0110110111101110110010100000001101
0111001010001100001000010110101011
0110100000000000110111010111011101
0111111001001000010100100010111101
0101011001000100001010011110000010
0100010011010110100010101000100010
0101011100001100101000011110100001
0110011011000000010001110111110101
0100010110110010100110011100101101
0100100011111101100001110111011001
0101101001010001011100001001111100
0111000010010000111110010001100101
0100001101101111100000100011000011
0101111000001110011000100000000011
0111001101101001111100001011011001
0111100011001010010010000100110101
0100100110100110010111010011101011
0101000101000110010100010101111111
0101100110001101000100000001010110
0100000010001001100110011001110010
0110010110000011001101011100001100
0111110010000111100011100010001101
0101001011010100010101001100111101
0101111001000000100100111110101111
0101011001010111111110100001110001
0110010101000101111010110101110101
0100001111111110000001101000101111
0110011100110010000010000001000011
0101011110010000000100001011011011
0111000001101101000010101011011101
0101111000010100100011000010111101
0101011000101100001101101000110100
0111001001010000011000001000100011
0111101011101101000100111100000111
0100010100111000001010001001010100
0110100101011111100000000110001000
0110011000001110011011010010001010
0101100100111111000000100110101001
0101100100011011011011100001010010
0110010010100001111100100100100001
0100100011110101000101111110100110
0110111010111001010000111111110000
0111101000110000111110101010001000
0111000001111110000111001111101100
0110010101000101000110110001001000
0101100110101011010000100111101000
0111011010000101001000011001011110
0100110000001011100100000011000100
0111011011000001000101111001001000
0110000111011001010001111111101000
0100010000110000110100001111111011
0100000001101000111110101111001101
0110011010100111001100001111001010
0101010101100001110110110000010000
0110011000011000101111011010010011
0101111110000000101011101001101001
0101010011001100110001011110101101
0100010001010001101101010100011000
0100110100000011100111000000110111
0100001010010111110001011011000110
0101111011100011001010100110100000
0111101111111001010111000101101000
0110011100010011010100110001001101
0111000001101011101000100101110001
0110110100100110100111010000100011
0100011111110011110000110010010000
0100101010011100100111011110010000
0111000110001000100010110110011010
0100001100110101101101000110001101
0110110111011010001111110000010001
0111010100111001010010110101001010
0110111000110101111010110100101100
0110000011111100010101101100111000
0100100011100001100101111010110110
0110010000010101101100010010101001
0111011111010010001000110111101110
