0111110010001011000010101001111010
0110110011001000000111101101011011
0100010001011011110001000010100011
0100010000111100000110111010001011
0101001000111110111000110110100000
0110001100000001110111010011001000
0111000100100100001110000110111010
0110011010101101110010011001111010
0101111010001010011111111100011111
0100110001111001011100001001110010
0100110101110110001000010100000101
0111001010111011011010111111101110
0111001000111101010111001000010111
0100110111000000101110100110011001
0101000110000001000100001100010000
0110011111111001011011000000100101
